82 137
5557 18332 7722 216 1371 16383 18332 18332 649 5846 18332 18332 11909 72 505 14651 18332 18332 5268 3825 18332 18332 18044 9671 18332 18332 12991 14146 18332 17899 3464 4186 18332 18332 17105 8011 18332 18332 9527 11764 18332 17177 2020 4330 18188 18332 16095 5701 18332 18332 11115 11764 18332 17177 3825 2020 18188 18332 15156 6207 18332 18332 9455 7578 18332 16889 1443 12630 18332 14723 360 360 15229 18332 14146 216 11403 18332 11548 1876 11331 7722
2338 6051 9809 11596 11642 11596 9305 7426 1880 4676 6509 9305 9305 11596 11551 11596 11551 6921 3209 11641 11595 11183 9304 6508 4675 3758 7883 11550 9304 962 10220 10725 1375 5591 11595 2291 5637 11641 4170 2337 2337 2337 458 962 10220 11595 11550 11595 11550 11595 7883 3758 962 9808 11595 9304 7425 4675 4675 9304 10220 11641 11595 2337 458 2795 11595 7837 916 5133 8800 11595 9716 1879 4675 9304 10725 2337 916 9762 10633 3758 2841 9304 10725 5133 916 9762 11550 7012 11595 1879 10679 9716 5179 4216 1420 7929 11183 1833 3758 11595 6920 962 4675 4675 8387 10679 9716 3712 3758 11687 11595 10725 6966 7012 8845 7929 11595 11641 11595 11641 9762 6508 916 3254 6920 6920 10633 11595 9716 8800 6920 6004 2291 2291 458
41 32 22 14 10 14 22 32 41 80 70 60 50 40 30 20 10 0 10 81 71 61 51 41 32 22 82 73 63 85 76 67 58 81 72 64 86 78 71 64 58 54 51 100 92 85 78 72 67 63 61 60 114 106 99 92 86 81 76 73 71 70 71 73 76 120 113 106 81 80 81 82 85 89 92 95 98 103 104 108 112 117 117 121 125 130 130 134 139 143 148 149 152 157 170 166 155 158 162 166 184 179 175 160 160 161 163 165 168 171 192 188 184 180 177 175 173 171 170 170 170 171 173 175 177 197 193 190 187 184 182 181 180 180 180 181 182
51 41 32 22 14 10 14 22 32 90 80 70 60 50 40 30 20 10 0 91 81 71 61 51 41 32 92 82 73 95 85 76 67 89 81 72 94 86 78 71 64 58 54 108 100 92 85 78 72 67 63 61 122 114 106 99 92 86 81 76 73 71 70 71 73 128 120 113 82 81 80 81 82 85 91 92 95 98 102 104 108 112 114 117 121 125 126 130 134 139 143 146 149 152 175 170 153 155 158 162 189 184 179 160 160 160 161 163 165 168 197 192 188 184 180 177 175 173 171 170 170 170 171 173 175 201 197 193 190 187 184 182 181 180 180 180 181
61 51 41 32 22 14 10 14 22 100 90 80 70 60 50 40 30 20 10 100 91 81 71 61 51 41 102 92 82 104 95 85 76 98 89 81 103 94 86 78 71 64 58 117 108 100 92 85 78 72 67 63 130 122 114 106 99 92 86 81 76 73 71 70 71 136 128 120 85 82 81 80 81 82 90 91 92 95 100 102 104 108 112 114 117 121 124 126 130 136 139 143 146 149 180 175 151 153 155 158 194 189 184 161 160 160 160 161 163 165 202 197 192 188 184 180 177 175 173 171 170 170 170 171 173 206 201 197 193 190 187 184 182 181 180 180 180
71 61 51 41 32 22 14 10 14 110 100 90 80 70 60 50 40 30 20 110 100 91 81 71 61 51 112 102 92 114 104 95 85 108 98 89 112 103 94 86 78 71 64 125 117 108 100 92 85 78 72 67 139 130 122 114 106 99 92 86 81 76 73 71 70 144 136 128 89 85 82 81 80 81 91 90 91 92 100 100 102 104 110 112 114 117 122 124 126 133 136 141 143 146 186 180 150 151 153 155 200 194 189 163 161 160 160 160 161 163 208 202 197 192 188 184 180 177 175 173 171 170 170 170 171 211 206 201 197 193 190 187 184 182 181 180 180
36 28 22 20 22 28 36 45 54 71 61 51 41 32 22 14 10 14 22 70 60 50 40 30 20 10 71 61 51 73 63 54 45 67 58 50 72 64 57 50 45 41 40 86 78 71 64 58 54 51 50 51 100 92 85 78 72 67 63 61 60 61 63 67 72 106 99 92 70 71 73 76 81 86 85 89 94 100 98 103 108 114 112 117 122 128 125 130 136 139 144 143 148 153 157 152 149 152 157 161 170 166 162 150 151 153 155 158 162 166 179 175 171 168 165 163 161 160 160 160 161 163 165 168 171 184 180 177 175 173 171 170 170 170 171 173 175
45 36 28 22 20 22 28 36 45 81 71 61 51 41 32 22 14 10 14 80 70 60 50 40 30 20 81 71 61 82 73 63 54 76 67 58 81 72 64 57 50 45 41 94 86 78 71 64 58 54 51 50 108 100 92 85 78 72 67 63 61 60 61 63 67 114 106 99 71 70 71 73 76 81 82 85 89 94 95 98 103 108 108 112 117 122 121 125 130 134 139 139 143 148 161 157 146 149 152 157 175 170 166 150 150 151 153 155 158 162 184 179 175 171 168 165 163 161 160 160 160 161 163 165 168 188 184 180 177 175 173 171 170 170 170 171 173
54 45 36 28 22 20 22 28 36 91 81 71 61 51 41 32 22 14 10 90 80 70 60 50 40 30 91 81 71 92 82 73 63 85 76 67 89 81 72 64 57 50 45 103 94 86 78 71 64 58 54 51 117 108 100 92 85 78 72 67 63 61 60 61 63 122 114 106 73 71 70 71 73 76 81 82 85 89 92 95 98 103 104 108 112 117 117 121 125 130 134 136 139 143 166 161 143 146 149 152 180 175 170 150 150 150 151 153 155 158 189 184 179 175 171 168 165 163 161 160 160 160 161 163 165 192 188 184 180 177 175 173 171 170 170 170 171
63 54 45 36 28 22 20 22 28 100 91 81 71 61 51 41 32 22 14 100 90 80 70 60 50 40 100 91 81 102 92 82 73 95 85 76 98 89 81 72 64 57 50 112 103 94 86 78 71 64 58 54 125 117 108 100 92 85 78 72 67 63 61 60 61 130 122 114 76 73 71 70 71 73 80 81 82 85 91 92 95 98 102 104 108 112 114 117 121 126 130 133 136 139 172 166 141 143 146 149 186 180 175 151 150 150 150 151 153 155 194 189 184 179 175 171 168 165 163 161 160 160 160 161 163 197 192 188 184 180 177 175 173 171 170 170 170
73 63 54 45 36 28 22 20 22 110 100 91 81 71 61 51 41 32 22 110 100 90 80 70 60 50 110 100 91 112 102 92 82 104 95 85 108 98 89 81 72 64 57 121 112 103 94 86 78 71 64 58 134 125 117 108 100 92 85 78 72 67 63 61 60 139 130 122 81 76 73 71 70 71 81 80 81 82 90 91 92 95 100 102 104 108 112 114 117 124 126 132 133 136 178 172 140 141 143 146 192 186 180 153 151 150 150 150 151 153 200 194 189 184 179 175 171 168 165 163 161 160 160 160 161 202 197 192 188 184 180 177 175 173 171 170 170
42 36 32 30 32 36 42 50 58 73 63 54 45 36 28 22 20 22 28 71 61 51 41 32 22 14 70 60 50 71 61 51 41 63 54 45 67 58 50 42 36 32 30 81 72 64 57 50 45 41 40 41 94 86 78 71 64 58 54 51 50 51 54 58 64 100 92 85 60 61 63 67 72 78 76 81 86 92 89 94 100 106 103 108 114 120 117 122 128 130 136 134 139 144 148 143 139 143 148 153 161 157 152 140 141 143 146 149 152 157 170 166 162 158 155 153 151 150 150 150 151 153 155 158 162 175 171 168 165 163 161 160 160 160 161 163 165
50 42 36 32 30 32 36 42 50 82 73 63 54 45 36 28 22 20 22 81 71 61 51 41 32 22 80 70 60 81 71 61 51 73 63 54 76 67 58 50 42 36 32 89 81 72 64 57 50 45 41 40 103 94 86 78 71 64 58 54 51 50 51 54 58 108 100 92 61 60 61 63 67 72 73 76 81 86 85 89 94 100 98 103 108 114 112 117 122 125 130 130 134 139 153 148 136 139 143 148 166 161 157 140 140 141 143 146 149 152 175 170 166 162 158 155 153 151 150 150 150 151 153 155 158 179 175 171 168 165 163 161 160 160 160 161 163
58 50 42 36 32 30 32 36 42 92 82 73 63 54 45 36 28 22 20 91 81 71 61 51 41 32 90 80 70 91 81 71 61 82 73 63 85 76 67 58 50 42 36 98 89 81 72 64 57 50 45 41 112 103 94 86 78 71 64 58 54 51 50 51 54 117 108 100 63 61 60 61 63 67 71 73 76 81 82 85 89 94 95 98 103 108 108 112 117 121 125 126 130 134 158 153 133 136 139 143 172 166 161 140 140 140 141 143 146 149 180 175 170 166 162 158 155 153 151 150 150 150 151 153 155 184 179 175 171 168 165 163 161 160 160 160 161
67 58 50 42 36 32 30 32 36 102 92 82 73 63 54 45 36 28 22 100 91 81 71 61 51 41 100 90 80 100 91 81 71 92 82 73 95 85 76 67 58 50 42 108 98 89 81 72 64 57 50 45 121 112 103 94 86 78 71 64 58 54 51 50 51 125 117 108 67 63 61 60 61 63 70 71 73 76 81 82 85 89 92 95 98 103 104 108 112 117 121 124 126 130 164 158 132 133 136 139 178 172 166 141 140 140 140 141 143 146 186 180 175 170 166 162 158 155 153 151 150 150 150 151 153 189 184 179 175 171 168 165 163 161 160 160 160
76 67 58 50 42 36 32 30 32 112 102 92 82 73 63 54 45 36 28 110 100 91 81 71 61 51 110 100 90 110 100 91 81 102 92 82 104 95 85 76 67 58 50 117 108 98 89 81 72 64 57 50 130 121 112 103 94 86 78 71 64 58 54 51 50 134 125 117 72 67 63 61 60 61 71 70 71 73 80 81 82 85 91 92 95 98 102 104 108 114 117 122 124 126 170 164 130 132 133 136 184 178 172 143 141 140 140 140 141 143 192 186 180 175 170 166 162 158 155 153 151 150 150 150 151 194 189 184 179 175 171 168 165 163 161 160 160
45 41 40 41 45 50 57 64 72 67 58 50 42 36 32 30 32 36 42 63 54 45 36 28 22 20 61 51 41 60 50 40 30 51 41 32 54 45 36 28 22 20 22 67 58 50 42 36 32 30 32 36 81 72 64 57 50 45 41 40 41 45 50 57 64 86 78 71 51 54 58 64 71 78 72 78 85 92 86 92 99 106 100 106 113 120 114 120 127 128 135 130 136 142 134 130 134 139 144 150 148 143 139 132 133 136 139 143 148 153 157 152 149 146 143 141 140 140 140 141 143 146 149 152 157 162 158 155 153 151 150 150 150 151 153 155 158
50 45 41 40 41 45 50 57 64 76 67 58 50 42 36 32 30 32 36 73 63 54 45 36 28 22 71 61 51 70 60 50 40 61 51 41 63 54 45 36 28 22 20 76 67 58 50 42 36 32 30 32 89 81 72 64 57 50 45 41 40 41 45 50 57 94 86 78 50 51 54 58 64 71 67 72 78 85 81 86 92 99 94 100 106 113 108 114 120 122 128 125 130 136 139 134 130 134 139 144 153 148 143 130 132 133 136 139 143 148 161 157 152 149 146 143 141 140 140 140 141 143 146 149 152 166 162 158 155 153 151 150 150 150 151 153 155
57 50 45 41 40 41 45 50 57 85 76 67 58 50 42 36 32 30 32 82 73 63 54 45 36 28 81 71 61 80 70 60 50 71 61 51 73 63 54 45 36 28 22 85 76 67 58 50 42 36 32 30 98 89 81 72 64 57 50 45 41 40 41 45 50 103 94 86 51 50 51 54 58 64 63 67 72 78 76 81 86 92 89 94 100 106 103 108 114 117 122 121 125 130 144 139 126 130 134 139 158 153 148 130 130 132 133 136 139 143 166 161 157 152 149 146 143 141 140 140 140 141 143 146 149 170 166 162 158 155 153 151 150 150 150 151 153
64 57 50 45 41 40 41 45 50 95 85 76 67 58 50 42 36 32 30 92 82 73 63 54 45 36 91 81 71 90 80 70 60 81 71 61 82 73 63 54 45 36 28 95 85 76 67 58 50 42 36 32 108 98 89 81 72 64 57 50 45 41 40 41 45 112 103 94 54 51 50 51 54 58 61 63 67 72 73 76 81 86 85 89 94 100 98 103 108 112 117 117 121 125 150 144 124 126 130 134 164 158 153 130 130 130 132 133 136 139 172 166 161 157 152 149 146 143 141 140 140 140 141 143 146 175 170 166 162 158 155 153 151 150 150 150 151
72 64 57 50 45 41 40 41 45 104 95 85 76 67 58 50 42 36 32 102 92 82 73 63 54 45 100 91 81 100 90 80 70 91 81 71 92 82 73 63 54 45 36 104 95 85 76 67 58 50 42 36 117 108 98 89 81 72 64 57 50 45 41 40 41 121 112 103 58 54 51 50 51 54 60 61 63 67 71 73 76 81 82 85 89 94 95 98 103 108 112 114 117 121 156 150 122 124 126 130 170 164 158 132 130 130 130 132 133 136 178 172 166 161 157 152 149 146 143 141 140 140 140 141 143 180 175 170 166 162 158 155 153 151 150 150 150
54 51 50 51 54 58 64 71 78 72 64 57 50 45 41 40 41 45 50 67 58 50 42 36 32 30 63 54 45 61 51 41 32 50 40 30 51 41 32 22 14 10 14 63 54 45 36 28 22 20 22 28 76 67 58 50 42 36 32 30 32 36 42 50 58 81 72 64 41 45 50 57 64 72 64 71 78 86 78 85 92 100 92 99 106 114 106 113 120 120 127 122 128 135 125 121 125 130 136 142 139 134 130 122 124 126 130 134 139 144 148 143 139 136 133 132 130 130 130 132 133 136 139 143 148 152 149 146 143 141 140 140 140 141 143 146 149
58 54 51 50 51 54 58 64 71 81 72 64 57 50 45 41 40 41 45 76 67 58 50 42 36 32 73 63 54 71 61 51 41 60 50 40 61 51 41 32 22 14 10 73 63 54 45 36 28 22 20 22 85 76 67 58 50 42 36 32 30 32 36 42 50 89 81 72 40 41 45 50 57 64 58 64 71 78 72 78 85 92 86 92 99 106 100 106 113 114 120 117 122 128 130 125 121 125 130 136 144 139 134 120 122 124 126 130 134 139 153 148 143 139 136 133 132 130 130 130 132 133 136 139 143 157 152 149 146 143 141 140 140 140 141 143 146
64 58 54 51 50 51 54 58 64 89 81 72 64 57 50 45 41 40 41 85 76 67 58 50 42 36 82 73 63 81 71 61 51 70 60 50 71 61 51 41 32 22 14 82 73 63 54 45 36 28 22 20 95 85 76 67 58 50 42 36 32 30 32 36 42 98 89 81 41 40 41 45 50 57 54 58 64 71 67 72 78 85 81 86 92 99 94 100 106 108 114 112 117 122 136 130 117 121 125 130 150 144 139 120 120 122 124 126 130 134 158 153 148 143 139 136 133 132 130 130 130 132 133 136 139 161 157 152 149 146 143 141 140 140 140 141 143
71 64 58 54 51 50 51 54 58 98 89 81 72 64 57 50 45 41 40 95 85 76 67 58 50 42 92 82 73 91 81 71 61 80 70 60 81 71 61 51 41 32 22 92 82 73 63 54 45 36 28 22 104 95 85 76 67 58 50 42 36 32 30 32 36 108 98 89 45 41 40 41 45 50 51 54 58 64 63 67 72 78 76 81 86 92 89 94 100 103 108 108 112 117 142 136 114 117 121 125 156 150 144 120 120 120 122 124 126 130 164 158 153 148 143 139 136 133 132 130 130 130 132 133 136 166 161 157 152 149 146 143 141 140 140 140 141
63 61 60 61 63 67 72 78 85 78 71 64 58 54 51 50 51 54 58 72 64 57 50 45 41 40 67 58 50 63 54 45 36 51 41 32 50 40 30 20 10 0 10 61 51 41 32 22 14 10 14 22 73 63 54 45 36 28 22 20 22 28 36 45 54 76 67 58 32 36 42 50 58 67 57 64 72 81 71 78 86 94 85 92 100 108 99 106 114 113 120 114 120 127 117 112 117 122 128 135 130 125 121 112 114 117 121 125 130 136 139 134 130 126 124 122 120 120 120 122 124 126 130 134 139 143 139 136 133 132 130 130 130 132 133 136 139
67 63 61 60 61 63 67 72 78 86 78 71 64 58 54 51 50 51 54 81 72 64 57 50 45 41 76 67 58 73 63 54 45 61 51 41 60 50 40 30 20 10 0 71 61 51 41 32 22 14 10 14 82 73 63 54 45 36 28 22 20 22 28 36 45 85 76 67 30 32 36 42 50 58 50 57 64 72 64 71 78 86 78 85 92 100 92 99 106 106 113 108 114 120 122 117 112 117 122 128 136 130 125 110 112 114 117 121 125 130 144 139 134 130 126 124 122 120 120 120 122 124 126 130 134 148 143 139 136 133 132 130 130 130 132 133 136
72 67 63 61 60 61 63 67 72 94 86 78 71 64 58 54 51 50 51 89 81 72 64 57 50 45 85 76 67 82 73 63 54 71 61 51 70 60 50 40 30 20 10 81 71 61 51 41 32 22 14 10 92 82 73 63 54 45 36 28 22 20 22 28 36 95 85 76 32 30 32 36 42 50 45 50 57 64 58 64 71 78 72 78 85 92 86 92 99 100 106 103 108 114 128 122 108 112 117 122 142 136 130 110 110 112 114 117 121 125 150 144 139 134 130 126 124 122 120 120 120 122 124 126 130 153 148 143 139 136 133 132 130 130 130 132 133
78 72 67 63 61 60 61 63 67 103 94 86 78 71 64 58 54 51 50 98 89 81 72 64 57 50 95 85 76 92 82 73 63 81 71 61 80 70 60 50 40 30 20 91 81 71 61 51 41 32 22 14 102 92 82 73 63 54 45 36 28 22 20 22 28 104 95 85 36 32 30 32 36 42 41 45 50 57 54 58 64 71 67 72 78 85 81 86 92 94 100 98 103 108 135 128 104 108 112 117 149 142 136 110 110 110 112 114 117 121 156 150 144 139 134 130 126 124 122 120 120 120 122 124 126 158 153 148 143 139 136 133 132 130 130 130 132
73 71 70 71 73 76 81 86 92 85 78 72 67 63 61 60 61 63 67 78 71 64 58 54 51 50 72 64 57 67 58 50 42 54 45 36 51 41 32 22 14 10 14 60 50 40 30 20 10 0 10 20 71 61 51 41 32 22 14 10 14 22 32 41 51 73 63 54 22 28 36 45 54 63 50 58 67 76 64 72 81 89 78 86 94 103 92 100 108 106 114 106 113 120 108 103 108 114 120 127 122 117 112 102 104 108 112 117 122 128 130 125 121 117 114 112 110 110 110 112 114 117 121 125 130 134 130 126 124 122 120 120 120 122 124 126 130
76 73 71 70 71 73 76 81 86 92 85 78 72 67 63 61 60 61 63 86 78 71 64 58 54 51 81 72 64 76 67 58 50 63 54 45 61 51 41 32 22 14 10 70 60 50 40 30 20 10 0 10 81 71 61 51 41 32 22 14 10 14 22 32 41 82 73 63 20 22 28 36 45 54 42 50 58 67 57 64 72 81 71 78 86 94 85 92 100 99 106 100 106 113 114 108 103 108 114 120 128 122 117 100 102 104 108 112 117 122 136 130 125 121 117 114 112 110 110 110 112 114 117 121 125 139 134 130 126 124 122 120 120 120 122 124 126
81 76 73 71 70 71 73 76 81 100 92 85 78 72 67 63 61 60 61 94 86 78 71 64 58 54 89 81 72 85 76 67 58 73 63 54 71 61 51 41 32 22 14 80 70 60 50 40 30 20 10 0 91 81 71 61 51 41 32 22 14 10 14 22 32 92 82 73 22 20 22 28 36 45 36 42 50 58 50 57 64 72 64 71 78 86 78 85 92 92 99 94 100 106 120 114 98 103 108 114 135 128 122 100 100 102 104 108 112 117 142 136 130 125 121 117 114 112 110 110 110 112 114 117 121 144 139 134 130 126 124 122 120 120 120 122 124
86 81 76 73 71 70 71 73 76 108 100 92 85 78 72 67 63 61 60 103 94 86 78 71 64 58 98 89 81 95 85 76 67 82 73 63 81 71 61 51 41 32 22 90 80 70 60 50 40 30 20 10 100 91 81 71 61 51 41 32 22 14 10 14 22 102 92 82 28 22 20 22 28 36 32 36 42 50 45 50 57 64 58 64 71 78 72 78 85 86 92 89 94 100 127 120 95 98 103 108 141 135 128 100 100 100 102 104 108 112 149 142 136 130 125 121 117 114 112 110 110 110 112 114 117 150 144 139 134 130 126 124 122 120 120 120 122
81 80 81 82 85 89 94 100 106 86 81 76 73 71 70 71 73 76 81 78 72 67 63 61 60 61 71 64 58 64 57 50 45 50 42 36 45 36 28 22 20 22 28 51 41 32 22 14 10 14 22 32 60 50 40 30 20 10 0 10 20 30 40 50 60 61 51 41 22 32 41 51 61 71 54 63 73 82 67 76 85 95 81 89 98 108 94 103 112 108 117 106 114 122 94 89 106 113 120 128 108 103 98 95 98 103 108 114 120 127 117 112 108 104 102 100 100 100 102 104 108 112 117 122 128 121 117 114 112 110 110 110 112 114 117 121 125
82 81 80 81 82 85 89 94 100 92 86 81 76 73 71 70 71 73 76 85 78 72 67 63 61 60 78 71 64 72 64 57 50 58 50 42 54 45 36 28 22 20 22 61 51 41 32 22 14 10 14 22 70 60 50 40 30 20 10 0 10 20 30 40 50 71 61 51 14 22 32 41 51 61 45 54 63 73 58 67 76 85 72 81 89 98 86 94 103 100 108 99 106 114 100 94 100 106 113 120 114 108 103 92 95 98 103 108 114 120 122 117 112 108 104 102 100 100 100 102 104 108 112 117 122 125 121 117 114 112 110 110 110 112 114 117 121
85 82 81 80 81 82 85 89 94 99 92 86 81 76 73 71 70 71 73 92 85 78 72 67 63 61 86 78 71 81 72 64 57 67 58 50 63 54 45 36 28 22 20 71 61 51 41 32 22 14 10 14 80 70 60 50 40 30 20 10 0 10 20 30 40 81 71 61 10 14 22 32 41 51 36 45 54 63 50 58 67 76 64 72 81 89 78 86 94 92 100 92 99 106 106 100 94 100 106 113 120 114 108 91 92 95 98 103 108 114 128 122 117 112 108 104 102 100 100 100 102 104 108 112 117 130 125 121 117 114 112 110 110 110 112 114 117
89 85 82 81 80 81 82 85 89 106 99 92 86 81 76 73 71 70 71 100 92 85 78 72 67 63 94 86 78 89 81 72 64 76 67 58 73 63 54 45 36 28 22 81 71 61 51 41 32 22 14 10 90 80 70 60 50 40 30 20 10 0 10 20 30 91 81 71 14 10 14 22 32 41 28 36 45 54 42 50 58 67 57 64 72 81 71 78 86 85 92 86 92 99 113 106 89 94 100 106 127 120 114 90 91 92 95 98 103 108 135 128 122 117 112 108 104 102 100 100 100 102 104 108 112 136 130 125 121 117 114 112 110 110 110 112 114
91 90 91 92 95 98 103 108 114 94 89 85 82 81 80 81 82 85 89 86 81 76 73 71 70 71 78 72 67 71 64 58 54 57 50 45 50 42 36 32 30 32 36 54 45 36 28 22 20 22 28 36 61 51 41 32 22 14 10 14 22 32 41 51 61 60 50 40 20 30 40 50 60 70 51 61 71 81 63 73 82 92 76 85 95 104 89 98 108 103 112 100 108 117 86 81 99 106 114 122 100 94 89 85 89 94 100 106 113 120 108 103 98 95 92 91 90 91 92 95 98 103 108 114 120 112 108 104 102 100 100 100 102 104 108 112 117
92 91 90 91 92 95 98 103 108 100 94 89 85 82 81 80 81 82 85 92 86 81 76 73 71 70 85 78 72 78 71 64 58 64 57 50 58 50 42 36 32 30 32 63 54 45 36 28 22 20 22 28 71 61 51 41 32 22 14 10 14 22 32 41 51 70 60 50 10 20 30 40 50 60 41 51 61 71 54 63 73 82 67 76 85 95 81 89 98 94 103 92 100 108 92 86 92 99 106 114 106 100 94 82 85 89 94 100 106 113 114 108 103 98 95 92 91 90 91 92 95 98 103 108 114 117 112 108 104 102 100 100 100 102 104 108 112
95 92 91 90 91 92 95 98 103 106 100 94 89 85 82 81 80 81 82 99 92 86 81 76 73 71 92 85 78 86 78 71 64 72 64 57 67 58 50 42 36 32 30 73 63 54 45 36 28 22 20 22 81 71 61 51 41 32 22 14 10 14 22 32 41 80 70 60 0 10 20 30 40 50 32 41 51 61 45 54 63 73 58 67 76 85 72 81 89 86 94 85 92 100 99 92 86 92 99 106 113 106 100 81 82 85 89 94 100 106 120 114 108 103 98 95 92 91 90 91 92 95 98 103 108 122 117 112 108 104 102 100 100 100 102 104 108
98 95 92 91 90 91 92 95 98 113 106 100 94 89 85 82 81 80 81 106 99 92 86 81 76 73 100 92 85 94 86 78 71 81 72 64 76 67 58 50 42 36 32 82 73 63 54 45 36 28 22 20 91 81 71 61 51 41 32 22 14 10 14 22 32 90 80 70 10 0 10 20 30 40 22 32 41 51 36 45 54 63 50 58 67 76 64 72 81 78 86 78 85 92 106 99 81 86 92 99 120 113 106 80 81 82 85 89 94 100 127 120 114 108 103 98 95 92 91 90 91 92 95 98 103 128 122 117 112 108 104 102 100 100 100 102 104
100 100 100 102 104 108 112 117 122 103 98 95 92 91 90 91 92 95 98 94 89 85 82 81 80 81 86 81 76 78 72 67 63 64 58 54 57 50 45 41 40 41 45 58 50 42 36 32 30 32 36 42 63 54 45 36 28 22 20 22 28 36 45 54 63 61 51 41 22 32 41 51 61 71 50 60 70 80 61 71 81 91 73 82 92 102 85 95 104 98 108 94 103 112 78 72 92 100 108 117 92 86 81 76 81 86 92 99 106 114 100 94 89 85 82 81 80 81 82 85 89 94 100 106 113 103 98 95 92 91 90 91 92 95 98 103 108
102 100 100 100 102 104 108 112 117 108 103 98 95 92 91 90 91 92 95 100 94 89 85 82 81 80 92 86 81 85 78 72 67 71 64 58 64 57 50 45 41 40 41 67 58 50 42 36 32 30 32 36 73 63 54 45 36 28 22 20 22 28 36 45 54 71 61 51 14 22 32 41 51 61 40 50 60 70 51 61 71 81 63 73 82 92 76 85 95 89 98 86 94 103 85 78 85 92 100 108 99 92 86 73 76 81 86 92 99 106 106 100 94 89 85 82 81 80 81 82 85 89 94 100 106 108 103 98 95 92 91 90 91 92 95 98 103
104 102 100 100 100 102 104 108 112 114 108 103 98 95 92 91 90 91 92 106 100 94 89 85 82 81 99 92 86 92 85 78 72 78 71 64 72 64 57 50 45 41 40 76 67 58 50 42 36 32 30 32 82 73 63 54 45 36 28 22 20 22 28 36 45 81 71 61 10 14 22 32 41 51 30 40 50 60 41 51 61 71 54 63 73 82 67 76 85 81 89 78 86 94 92 85 78 85 92 100 106 99 92 71 73 76 81 86 92 99 113 106 100 94 89 85 82 81 80 81 82 85 89 94 100 114 108 103 98 95 92 91 90 91 92 95 98
108 104 102 100 100 100 102 104 108 120 114 108 103 98 95 92 91 90 91 113 106 100 94 89 85 82 106 99 92 100 92 85 78 86 78 71 81 72 64 57 50 45 41 85 76 67 58 50 42 36 32 30 92 82 73 63 54 45 36 28 22 20 22 28 36 91 81 71 14 10 14 22 32 41 20 30 40 50 32 41 51 61 45 54 63 73 58 67 76 72 81 71 78 86 100 92 72 78 85 92 114 106 99 70 71 73 76 81 86 92 120 113 106 100 94 89 85 82 81 80 81 82 85 89 94 120 114 108 103 98 95 92 91 90 91 92 95
110 110 112 114 117 121 125 130 136 108 104 102 100 100 100 102 104 108 112 98 95 92 91 90 91 92 89 85 82 81 76 73 71 67 63 61 58 54 51 50 51 54 58 57 50 45 41 40 41 45 50 57 58 50 42 36 32 30 32 36 42 50 58 67 76 54 45 36 36 45 54 63 73 82 61 71 81 91 70 80 90 100 81 91 100 110 92 102 112 104 114 98 108 117 64 58 94 103 112 121 78 72 67 72 78 85 92 100 108 117 86 81 76 73 71 70 71 73 76 81 86 92 99 106 114 89 85 82 81 80 81 82 85 89 94 100 106
110 110 110 112 114 117 121 125 130 112 108 104 102 100 100 100 102 104 108 103 98 95 92 91 90 91 94 89 85 86 81 76 73 72 67 63 64 58 54 51 50 51 54 64 57 50 45 41 40 41 45 50 67 58 50 42 36 32 30 32 36 42 50 58 67 63 54 45 28 36 45 54 63 73 51 61 71 81 60 70 80 90 71 81 91 100 82 92 102 95 104 89 98 108 71 64 86 94 103 112 85 78 72 67 72 78 85 92 100 108 92 86 81 76 73 71 70 71 73 76 81 86 92 99 106 94 89 85 82 81 80 81 82 85 89 94 100
112 110 110 110 112 114 117 121 125 117 112 108 104 102 100 100 100 102 104 108 103 98 95 92 91 90 100 94 89 92 86 81 76 78 72 67 71 64 58 54 51 50 51 72 64 57 50 45 41 40 41 45 76 67 58 50 42 36 32 30 32 36 42 50 58 73 63 54 22 28 36 45 54 63 41 51 61 71 50 60 70 80 61 71 81 91 73 82 92 85 95 81 89 98 78 71 78 86 94 103 92 85 78 63 67 72 78 85 92 100 99 92 86 81 76 73 71 70 71 73 76 81 86 92 99 100 94 89 85 82 81 80 81 82 85 89 94
114 112 110 110 110 112 114 117 121 122 117 112 108 104 102 100 100 100 102 114 108 103 98 95 92 91 106 100 94 99 92 86 81 85 78 72 78 71 64 58 54 51 50 81 72 64 57 50 45 41 40 41 85 76 67 58 50 42 36 32 30 32 36 42 50 82 73 63 20 22 28 36 45 54 32 41 51 61 40 50 60 70 51 61 71 81 63 73 82 76 85 72 81 89 86 78 71 78 86 94 100 92 85 61 63 67 72 78 85 92 106 99 92 86 81 76 73 71 70 71 73 76 81 86 92 106 100 94 89 85 82 81 80 81 82 85 89
120 120 122 124 126 130 134 139 144 117 114 112 110 110 110 112 114 117 121 108 104 102 100 100 100 102 98 95 92 89 85 82 81 76 73 71 67 63 61 60 61 63 67 64 58 54 51 50 51 54 58 64 64 57 50 45 41 40 41 45 50 57 64 72 81 58 50 42 42 50 58 67 76 85 63 73 82 92 71 81 91 100 80 90 100 110 91 100 110 102 112 95 104 114 57 50 89 98 108 117 71 64 58 64 71 78 86 94 103 112 78 72 67 63 61 60 61 63 67 72 78 85 92 100 108 81 76 73 71 70 71 73 76 81 86 92 99
120 120 120 122 124 126 130 134 139 121 117 114 112 110 110 110 112 114 117 112 108 104 102 100 100 100 103 98 95 94 89 85 82 81 76 73 72 67 63 61 60 61 63 71 64 58 54 51 50 51 54 58 72 64 57 50 45 41 40 41 45 50 57 64 72 67 58 50 36 42 50 58 67 76 54 63 73 82 61 71 81 91 70 80 90 100 81 91 100 92 102 85 95 104 64 57 81 89 98 108 78 71 64 58 64 71 78 86 94 103 85 78 72 67 63 61 60 61 63 67 72 78 85 92 100 86 81 76 73 71 70 71 73 76 81 86 92
122 120 120 120 122 124 126 130 134 125 121 117 114 112 110 110 110 112 114 117 112 108 104 102 100 100 108 103 98 100 94 89 85 86 81 76 78 72 67 63 61 60 61 78 71 64 58 54 51 50 51 54 81 72 64 57 50 45 41 40 41 45 50 57 64 76 67 58 32 36 42 50 58 67 45 54 63 73 51 61 71 81 60 70 80 90 71 81 91 82 92 76 85 95 72 64 72 81 89 98 86 78 71 54 58 64 71 78 86 94 92 85 78 72 67 63 61 60 61 63 67 72 78 85 92 92 86 81 76 73 71 70 71 73 76 81 86
124 122 120 120 120 122 124 126 130 130 125 121 117 114 112 110 110 110 112 122 117 112 108 104 102 100 114 108 103 106 100 94 89 92 86 81 85 78 72 67 63 61 60 86 78 71 64 58 54 51 50 51 89 81 72 64 57 50 45 41 40 41 45 50 57 85 76 67 30 32 36 42 50 58 36 45 54 63 41 51 61 71 50 60 70 80 61 71 81 73 82 67 76 85 81 72 64 72 81 89 94 86 78 51 54 58 64 71 78 86 100 92 85 78 72 67 63 61 60 61 63 67 72 78 85 99 92 86 81 76 73 71 70 71 73 76 81
130 130 132 133 136 139 143 148 153 126 124 122 120 120 120 122 124 126 130 117 114 112 110 110 110 112 108 104 102 98 95 92 91 85 82 81 76 73 71 70 71 73 76 72 67 63 61 60 61 63 67 72 71 64 58 54 51 50 51 54 58 64 71 78 86 64 57 50 50 57 64 72 81 89 67 76 85 95 73 82 92 102 81 91 100 110 90 100 110 100 110 92 102 112 50 42 85 95 104 114 64 57 50 57 64 72 81 89 98 108 71 64 58 54 51 50 51 54 58 64 71 78 86 94 103 72 67 63 61 60 61 63 67 72 78 85 92
130 130 130 132 133 136 139 143 148 130 126 124 122 120 120 120 122 124 126 121 117 114 112 110 110 110 112 108 104 103 98 95 92 89 85 82 81 76 73 71 70 71 73 78 72 67 63 61 60 61 63 67 78 71 64 58 54 51 50 51 54 58 64 71 78 72 64 57 45 50 57 64 72 81 58 67 76 85 63 73 82 92 71 81 91 100 80 90 100 91 100 82 92 102 58 50 76 85 95 104 72 64 57 50 57 64 72 81 89 98 78 71 64 58 54 51 50 51 54 58 64 71 78 86 94 78 72 67 63 61 60 61 63 67 72 78 85
132 130 130 130 132 133 136 139 143 134 130 126 124 122 120 120 120 122 124 125 121 117 114 112 110 110 117 112 108 108 103 98 95 94 89 85 86 81 76 73 71 70 71 85 78 72 67 63 61 60 61 63 86 78 71 64 58 54 51 50 51 54 58 64 71 81 72 64 41 45 50 57 64 72 50 58 67 76 54 63 73 82 61 71 81 91 70 80 90 81 91 73 82 92 67 58 67 76 85 95 81 72 64 45 50 57 64 72 81 89 86 78 71 64 58 54 51 50 51 54 58 64 71 78 86 85 78 72 67 63 61 60 61 63 67 72 78
133 132 130 130 130 132 133 136 139 139 134 130 126 124 122 120 120 120 122 130 125 121 117 114 112 110 122 117 112 114 108 103 98 100 94 89 92 86 81 76 73 71 70 92 85 78 72 67 63 61 60 61 94 86 78 71 64 58 54 51 50 51 54 58 64 89 81 72 40 41 45 50 57 64 42 50 58 67 45 54 63 73 51 61 71 81 60 70 80 71 81 63 73 82 76 67 58 67 76 85 89 81 72 41 45 50 57 64 72 81 94 86 78 71 64 58 54 51 50 51 54 58 64 71 78 92 85 78 72 67 63 61 60 61 63 67 72
140 141 143 146 149 152 157 161 166 133 132 130 130 130 132 133 136 139 143 124 122 120 120 120 122 124 114 112 110 104 102 100 100 92 91 90 82 81 80 81 82 85 89 76 73 71 70 71 73 76 81 86 72 67 63 61 60 61 63 67 72 78 85 92 100 64 58 54 64 71 78 86 94 103 81 89 98 108 85 95 104 114 92 102 112 122 100 110 120 110 120 100 110 120 36 28 92 102 112 122 50 42 36 58 67 76 85 95 104 114 57 50 45 41 40 41 45 50 57 64 72 81 89 98 108 58 54 51 50 51 54 58 64 71 78 86 94
140 140 141 143 146 149 152 157 161 136 133 132 130 130 130 132 133 136 139 126 124 122 120 120 120 122 117 114 112 108 104 102 100 95 92 91 85 82 81 80 81 82 85 81 76 73 71 70 71 73 76 81 78 72 67 63 61 60 61 63 67 72 78 85 92 71 64 58 58 64 71 78 86 94 72 81 89 98 76 85 95 104 82 92 102 112 91 100 110 100 110 91 100 110 45 36 82 92 102 112 58 50 42 50 58 67 76 85 95 104 64 57 50 45 41 40 41 45 50 57 64 72 81 89 98 64 58 54 51 50 51 54 58 64 71 78 86
140 140 140 141 143 146 149 152 157 139 136 133 132 130 130 130 132 133 136 130 126 124 122 120 120 120 121 117 114 112 108 104 102 98 95 92 89 85 82 81 80 81 82 86 81 76 73 71 70 71 73 76 85 78 72 67 63 61 60 61 63 67 72 78 85 78 71 64 54 58 64 71 78 86 64 72 81 89 67 76 85 95 73 82 92 102 81 91 100 90 100 81 91 100 54 45 73 82 92 102 67 58 50 42 50 58 67 76 85 95 72 64 57 50 45 41 40 41 45 50 57 64 72 81 89 71 64 58 54 51 50 51 54 58 64 71 78
141 140 140 140 141 143 146 149 152 143 139 136 133 132 130 130 130 132 133 134 130 126 124 122 120 120 125 121 117 117 112 108 104 103 98 95 94 89 85 82 81 80 81 92 86 81 76 73 71 70 71 73 92 85 78 72 67 63 61 60 61 63 67 72 78 86 78 71 51 54 58 64 71 78 57 64 72 81 58 67 76 85 63 73 82 92 71 81 91 80 90 71 81 91 63 54 63 73 82 92 76 67 58 36 42 50 58 67 76 85 81 72 64 57 50 45 41 40 41 45 50 57 64 72 81 78 71 64 58 54 51 50 51 54 58 64 71
150 151 153 155 158 162 166 170 175 143 141 140 140 140 141 143 146 149 152 133 132 130 130 130 132 133 124 122 120 114 112 110 110 102 100 100 92 91 90 91 92 95 98 85 82 81 80 81 82 85 89 94 81 76 73 71 70 71 73 76 81 86 92 99 106 72 67 63 72 78 85 92 100 108 86 94 103 112 89 98 108 117 95 104 114 124 102 112 122 110 120 100 110 120 32 22 91 100 110 120 45 36 28 54 63 73 82 92 102 112 50 42 36 32 30 32 36 42 50 58 67 76 85 95 104 50 45 41 40 41 45 50 57 64 72 81 89
150 150 151 153 155 158 162 166 170 146 143 141 140 140 140 141 143 146 149 136 133 132 130 130 130 132 126 124 122 117 114 112 110 104 102 100 95 92 91 90 91 92 95 89 85 82 81 80 81 82 85 89 86 81 76 73 71 70 71 73 76 81 86 92 99 78 72 67 67 72 78 85 92 100 78 86 94 103 81 89 98 108 85 95 104 114 92 102 112 100 110 90 100 110 41 32 81 91 100 110 54 45 36 45 54 63 73 82 92 102 58 50 42 36 32 30 32 36 42 50 58 67 76 85 95 57 50 45 41 40 41 45 50 57 64 72 81
150 150 150 151 153 155 158 162 166 149 146 143 141 140 140 140 141 143 146 139 136 133 132 130 130 130 130 126 124 121 117 114 112 108 104 102 98 95 92 91 90 91 92 94 89 85 82 81 80 81 82 85 92 86 81 76 73 71 70 71 73 76 81 86 92 85 78 72 63 67 72 78 85 92 71 78 86 94 72 81 89 98 76 85 95 104 82 92 102 91 100 80 90 100 51 41 71 81 91 100 63 54 45 36 45 54 63 73 82 92 67 58 50 42 36 32 30 32 36 42 50 58 67 76 85 64 57 50 45 41 40 41 45 50 57 64 72
151 150 150 150 151 153 155 158 162 152 149 146 143 141 140 140 140 141 143 143 139 136 133 132 130 130 134 130 126 125 121 117 114 112 108 104 103 98 95 92 91 90 91 100 94 89 85 82 81 80 81 82 99 92 86 81 76 73 71 70 71 73 76 81 86 92 85 78 61 63 67 72 78 85 64 71 78 86 64 72 81 89 67 76 85 95 73 82 92 81 91 70 80 90 61 51 61 71 81 91 73 63 54 28 36 45 54 63 73 82 76 67 58 50 42 36 32 30 32 36 42 50 58 67 76 72 64 57 50 45 41 40 41 45 50 57 64
160 161 163 165 168 171 175 179 184 153 151 150 150 150 151 153 155 158 162 143 141 140 140 140 141 143 133 132 130 124 122 120 120 112 110 110 102 100 100 100 102 104 108 95 92 91 90 91 92 95 98 103 89 85 82 81 80 81 82 85 89 94 100 106 113 81 76 73 81 86 92 99 106 114 92 100 108 117 94 103 112 121 98 108 117 126 104 114 124 112 122 100 110 120 30 20 90 100 110 120 41 32 22 51 61 71 81 91 100 110 45 36 28 22 20 22 28 36 45 54 63 73 82 92 102 42 36 32 30 32 36 42 50 58 67 76 85
160 160 161 163 165 168 171 175 179 155 153 151 150 150 150 151 153 155 158 146 143 141 140 140 140 141 136 133 132 126 124 122 120 114 112 110 104 102 100 100 100 102 104 98 95 92 91 90 91 92 95 98 94 89 85 82 81 80 81 82 85 89 94 100 106 86 81 76 76 81 86 92 99 106 85 92 100 108 86 94 103 112 89 98 108 117 95 104 114 102 112 91 100 110 40 30 80 90 100 110 51 41 32 41 51 61 71 81 91 100 54 45 36 28 22 20 22 28 36 45 54 63 73 82 92 50 42 36 32 30 32 36 42 50 58 67 76
160 160 160 161 163 165 168 171 175 158 155 153 151 150 150 150 151 153 155 149 146 143 141 140 140 140 139 136 133 130 126 124 122 117 114 112 108 104 102 100 100 100 102 103 98 95 92 91 90 91 92 95 100 94 89 85 82 81 80 81 82 85 89 94 100 92 86 81 73 76 81 86 92 99 78 85 92 100 78 86 94 103 81 89 98 108 85 95 104 92 102 81 91 100 50 40 70 80 90 100 61 51 41 32 41 51 61 71 81 91 63 54 45 36 28 22 20 22 28 36 45 54 63 73 82 58 50 42 36 32 30 32 36 42 50 58 67
161 160 160 160 161 163 165 168 171 162 158 155 153 151 150 150 150 151 153 152 149 146 143 141 140 140 143 139 136 134 130 126 124 121 117 114 112 108 104 102 100 100 100 108 103 98 95 92 91 90 91 92 106 100 94 89 85 82 81 80 81 82 85 89 94 99 92 86 71 73 76 81 86 92 72 78 85 92 71 78 86 94 72 81 89 98 76 85 95 82 92 71 81 91 60 50 60 70 80 90 71 61 51 22 32 41 51 61 71 81 73 63 54 45 36 28 22 20 22 28 36 45 54 63 73 67 58 50 42 36 32 30 32 36 42 50 58
170 171 173 175 177 180 184 188 192 163 161 160 160 160 161 163 165 168 171 153 151 150 150 150 151 153 143 141 140 133 132 130 130 122 120 120 112 110 110 110 112 114 117 104 102 100 100 100 102 104 108 112 98 95 92 91 90 91 92 95 98 103 108 114 120 89 85 82 89 94 100 106 113 120 99 106 114 122 100 108 117 125 103 112 121 130 108 117 126 114 124 102 112 122 32 22 91 100 110 120 40 30 20 50 60 70 80 90 100 110 41 32 22 14 10 14 22 32 41 51 61 71 81 91 100 36 28 22 20 22 28 36 45 54 63 73 82
170 170 171 173 175 177 180 184 188 165 163 161 160 160 160 161 163 165 168 155 153 151 150 150 150 151 146 143 141 136 133 132 130 124 122 120 114 112 110 110 110 112 114 108 104 102 100 100 100 102 104 108 103 98 95 92 91 90 91 92 95 98 103 108 114 94 89 85 85 89 94 100 106 113 92 99 106 114 92 100 108 117 94 103 112 121 98 108 117 104 114 92 102 112 41 32 81 91 100 110 50 40 30 40 50 60 70 80 90 100 51 41 32 22 14 10 14 22 32 41 51 61 71 81 91 45 36 28 22 20 22 28 36 45 54 63 73
170 170 170 171 173 175 177 180 184 168 165 163 161 160 160 160 161 163 165 158 155 153 151 150 150 150 149 146 143 139 136 133 132 126 124 122 117 114 112 110 110 110 112 112 108 104 102 100 100 100 102 104 108 103 98 95 92 91 90 91 92 95 98 103 108 100 94 89 82 85 89 94 100 106 86 92 99 106 85 92 100 108 86 94 103 112 89 98 108 95 104 82 92 102 51 41 71 81 91 100 60 50 40 30 40 50 60 70 80 90 61 51 41 32 22 14 10 14 22 32 41 51 61 71 81 54 45 36 28 22 20 22 28 36 45 54 63
171 170 170 170 171 173 175 177 180 171 168 165 163 161 160 160 160 161 163 162 158 155 153 151 150 150 152 149 146 143 139 136 133 130 126 124 121 117 114 112 110 110 110 117 112 108 104 102 100 100 100 102 114 108 103 98 95 92 91 90 91 92 95 98 103 106 100 94 81 82 85 89 94 100 81 86 92 99 78 85 92 100 78 86 94 103 81 89 98 85 95 73 82 92 61 51 61 71 81 91 70 60 50 20 30 40 50 60 70 80 71 61 51 41 32 22 14 10 14 22 32 41 51 61 71 63 54 45 36 28 22 20 22 28 36 45 54
181 182 184 187 190 193 197 201 206 171 170 170 170 171 173 175 177 180 184 161 160 160 160 161 163 165 151 150 150 141 140 140 140 130 130 130 120 120 120 122 124 126 130 112 110 110 110 112 114 117 121 125 104 102 100 100 100 102 104 108 112 117 122 128 135 95 92 91 103 108 114 120 127 135 113 120 128 136 114 122 130 139 117 125 134 143 121 130 139 126 136 114 124 133 28 22 102 112 122 132 32 22 14 61 71 81 91 100 110 120 30 20 10 0 10 20 30 40 50 60 70 80 90 100 110 22 14 10 14 22 32 41 51 61 71 81 91
180 181 182 184 187 190 193 197 201 173 171 170 170 170 171 173 175 177 180 163 161 160 160 160 161 163 153 151 150 143 141 140 140 132 130 130 122 120 120 120 122 124 126 114 112 110 110 110 112 114 117 121 108 104 102 100 100 100 102 104 108 112 117 122 128 98 95 92 98 103 108 114 120 127 106 113 120 128 106 114 122 130 108 117 125 134 112 121 130 117 126 104 114 124 36 28 92 102 112 122 41 32 22 51 61 71 81 91 100 110 40 30 20 10 0 10 20 30 40 50 60 70 80 90 100 32 22 14 10 14 22 32 41 51 61 71 81
180 180 181 182 184 187 190 193 197 175 173 171 170 170 170 171 173 175 177 165 163 161 160 160 160 161 155 153 151 146 143 141 140 133 132 130 124 122 120 120 120 122 124 117 114 112 110 110 110 112 114 117 112 108 104 102 100 100 100 102 104 108 112 117 122 103 98 95 95 98 103 108 114 120 100 106 113 120 99 106 114 122 100 108 117 125 103 112 121 108 117 95 104 114 45 36 82 92 102 112 51 41 32 41 51 61 71 81 91 100 50 40 30 20 10 0 10 20 30 40 50 60 70 80 90 41 32 22 14 10 14 22 32 41 51 61 71
180 180 180 181 182 184 187 190 193 177 175 173 171 170 170 170 171 173 175 168 165 163 161 160 160 160 158 155 153 149 146 143 141 136 133 132 126 124 122 120 120 120 122 121 117 114 112 110 110 110 112 114 117 112 108 104 102 100 100 100 102 104 108 112 117 108 103 98 92 95 98 103 108 114 94 100 106 113 92 99 106 114 92 100 108 117 94 103 112 98 108 85 95 104 54 45 73 82 92 102 61 51 41 32 41 51 61 71 81 91 60 50 40 30 20 10 0 10 20 30 40 50 60 70 80 51 41 32 22 14 10 14 22 32 41 51 61
191 192 194 196 199 202 206 210 215 181 180 180 180 181 182 184 187 190 193 171 170 170 170 171 173 175 161 160 160 151 150 150 150 140 140 140 130 130 130 132 133 136 139 122 120 120 120 122 124 126 130 134 114 112 110 110 110 112 114 117 121 125 130 136 142 104 102 100 112 117 122 128 135 141 120 127 135 142 120 128 136 144 122 130 139 148 125 134 143 130 139 117 126 136 36 32 104 114 124 133 36 28 22 63 73 82 92 102 112 122 32 22 14 10 14 22 32 41 51 61 71 81 91 100 110 20 10 0 10 20 30 40 50 60 70 80 90
190 191 192 194 196 199 202 206 210 182 181 180 180 180 181 182 184 187 190 173 171 170 170 170 171 173 163 161 160 153 151 150 150 141 140 140 132 130 130 130 132 133 136 124 122 120 120 120 122 124 126 130 117 114 112 110 110 110 112 114 117 121 125 130 136 108 104 102 108 112 117 122 128 135 114 120 127 135 113 120 128 136 114 122 130 139 117 125 134 121 130 108 117 126 42 36 95 104 114 124 45 36 28 54 63 73 82 92 102 112 41 32 22 14 10 14 22 32 41 51 61 71 81 91 100 30 20 10 0 10 20 30 40 50 60 70 80
190 190 191 192 194 196 199 202 206 184 182 181 180 180 180 181 182 184 187 175 173 171 170 170 170 171 165 163 161 155 153 151 150 143 141 140 133 132 130 130 130 132 133 126 124 122 120 120 120 122 124 126 121 117 114 112 110 110 110 112 114 117 121 125 130 112 108 104 104 108 112 117 122 128 108 114 120 127 106 113 120 128 106 114 122 130 108 117 125 112 121 98 108 117 50 42 85 95 104 114 54 45 36 45 54 63 73 82 92 102 51 41 32 22 14 10 14 22 32 41 51 61 71 81 91 40 30 20 10 0 10 20 30 40 50 60 70
190 190 190 191 192 194 196 199 202 187 184 182 181 180 180 180 181 182 184 177 175 173 171 170 170 170 168 165 163 158 155 153 151 146 143 141 136 133 132 130 130 130 132 130 126 124 122 120 120 120 122 124 125 121 117 114 112 110 110 110 112 114 117 121 125 117 112 108 102 104 108 112 117 122 103 108 114 120 100 106 113 120 99 106 114 122 100 108 117 103 112 89 98 108 58 50 76 85 95 104 63 54 45 36 45 54 63 73 82 92 61 51 41 32 22 14 10 14 22 32 41 51 61 71 81 50 40 30 20 10 0 10 20 30 40 50 60
200 201 202 204 206 209 212 215 219 192 191 190 190 190 191 192 194 196 199 182 181 180 180 180 181 182 173 171 170 163 161 160 160 151 150 150 141 140 140 140 141 143 146 133 132 130 130 130 132 133 136 139 126 124 122 120 120 120 122 124 126 130 134 139 144 117 114 112 117 121 125 130 136 142 122 128 135 141 120 127 135 142 120 128 136 144 122 130 139 125 134 112 121 130 50 45 98 108 117 126 50 42 36 58 67 76 85 95 104 114 45 36 28 22 20 22 28 36 45 54 63 73 82 92 102 32 22 14 10 14 22 32 41 51 61 71 81
200 200 201 202 204 206 209 212 215 194 192 191 190 190 190 191 192 194 196 184 182 181 180 180 180 181 175 173 171 165 163 161 160 153 151 150 143 141 140 140 140 141 143 136 133 132 130 130 130 132 133 136 130 126 124 122 120 120 120 122 124 126 130 134 139 121 117 114 114 117 121 125 130 136 117 122 128 135 114 120 127 135 113 120 128 136 114 122 130 117 125 103 112 121 57 50 89 98 108 117 58 50 42 50 58 67 76 85 95 104 54 45 36 28 22 20 22 28 36 45 54 63 73 82 92 41 32 22 14 10 14 22 32 41 51 61 71
200 200 200 201 202 204 206 209 212 196 194 192 191 190 190 190 191 192 194 187 184 182 181 180 180 180 177 175 173 168 165 163 161 155 153 151 146 143 141 140 140 140 141 139 136 133 132 130 130 130 132 133 134 130 126 124 122 120 120 120 122 124 126 130 134 125 121 117 112 114 117 121 125 130 112 117 122 128 108 114 120 127 106 113 120 128 106 114 122 108 117 94 103 112 64 57 81 89 98 108 67 58 50 42 50 58 67 76 85 95 63 54 45 36 28 22 20 22 28 36 45 54 63 73 82 51 41 32 22 14 10 14 22 32 41 51 61
