129 134
665 7075 9164 238 4320 10635 12012 12012 902 1329 11157 12059 12012 12012 7881 854 6836 12012 12059 12012 12012 12012 11299 5460 284 1471 11442 12012 9875 8783 12012 12012 12012 10967 1139 3750 12059 9163 379 4652 10397 12059 12107 9543 854 4083 12012 3798 8641 12012 12059 9068 569 8308 12012 7359 11110 12012 12059 6409 4083 12012 9875 1899 4035 7881 11917 11252 12059 11205 1994 854 11299 12012 12059 12012 12012 8783 1709 10255 12012 7216 3228 11394 12107 12059 6884 379 6362 12059 10587 1661 3228 7501 6741 569 427 8308 12012 7644 4178 12012 10730 854 94 7881 12012 5982 2278 11632 12012 1804 5460 12059 8166 427 997 10350 12059 2184 1424 12059 7834 8831 11584 1994 664 10587 3703
3264 10984 11205 11205 11205 10808 7367 7367 5999 1102 3529 2646 4587 11205 11205 11205 11205 11205 11205 11205 11205 10984 11205 11116 8690 4985 3132 1720 220 4367 5955 4632 4632 5029 8470 8470 8470 10278 11205 11205 11205 11205 11205 10852 5690 1985 5029 5029 8955 11205 11205 11205 10587 661 352 1544 6837 11205 11205 5734 1588 11205 10631 1499 5073 11205 11205 5205 1499 10719 11205 10587 749 4896 11205 11205 6131 1632 10719 11205 10764 1764 882 7764 11205 11205 4985 6176 11205 11205 9705 88 3882 11161 11205 10719 1985 2779 10631 11205 11205 3661 705 10719 11205 11205 6484 220 88 4896 11205 11205 8955 220 2558 11205 11205 11205 3705 617 10455 11205 11249 8558 176 3617 11205 11205 8558 1191 1720 10146 8514 1235
71 61 51 41 32 22 14 10 14 22 32 41 73 63 54 45 36 28 22 20 22 28 36 45 54 63 73 82 76 67 58 50 42 36 32 30 32 36 42 50 58 67 76 85 95 45 50 57 64 72 81 89 98 108 71 78 86 94 103 112 92 100 108 117 99 106 114 122 100 106 113 120 128 108 114 120 127 112 117 122 128 135 117 121 125 130 136 126 130 134 139 144 133 136 139 143 148 141 143 146 149 152 150 151 153 155 158 162 160 160 161 163 165 168 170 170 171 173 175 180 180 180 181 182 184 190 190 190 191 192 200 200 200 201
81 71 61 51 41 32 22 14 10 14 22 32 82 73 63 54 45 36 28 22 20 22 28 36 45 54 63 73 85 76 67 58 50 42 36 32 30 32 36 42 50 58 67 76 85 41 45 50 57 64 72 81 89 98 64 71 78 86 94 103 85 92 100 108 92 99 106 114 94 100 106 113 120 103 108 114 120 108 112 117 122 128 114 117 121 125 130 124 126 130 134 139 132 133 136 139 143 140 141 143 146 149 150 150 151 153 155 158 160 160 160 161 163 165 170 170 170 171 173 181 180 180 180 181 182 191 190 190 190 191 201 200 200 200
91 81 71 61 51 41 32 22 14 10 14 22 92 82 73 63 54 45 36 28 22 20 22 28 36 45 54 63 95 85 76 67 58 50 42 36 32 30 32 36 42 50 58 67 76 40 41 45 50 57 64 72 81 89 58 64 71 78 86 94 78 85 92 100 86 92 99 106 89 94 100 106 113 98 103 108 114 104 108 112 117 122 112 114 117 121 125 122 124 126 130 134 130 132 133 136 139 140 140 141 143 146 150 150 150 151 153 155 161 160 160 160 161 163 171 170 170 170 171 182 181 180 180 180 181 192 191 190 190 190 202 201 200 200
100 91 81 71 61 51 41 32 22 14 10 14 102 92 82 73 63 54 45 36 28 22 20 22 28 36 45 54 104 95 85 76 67 58 50 42 36 32 30 32 36 42 50 58 67 41 40 41 45 50 57 64 72 81 54 58 64 71 78 86 72 78 85 92 81 86 92 99 85 89 94 100 106 95 98 103 108 102 104 108 112 117 110 112 114 117 121 120 122 124 126 130 130 130 132 133 136 140 140 140 141 143 151 150 150 150 151 153 163 161 160 160 160 161 173 171 170 170 170 184 182 181 180 180 180 194 192 191 190 190 204 202 201 200
60 50 40 30 20 10 0 10 20 30 40 50 61 51 41 32 22 14 10 14 22 32 41 51 61 71 81 91 63 54 45 36 28 22 20 22 28 36 45 54 63 73 82 92 102 42 50 58 67 76 85 95 104 114 72 81 89 98 108 117 94 103 112 121 100 108 117 125 99 106 114 122 130 106 113 120 128 108 114 120 127 135 112 117 122 128 135 121 125 130 136 142 126 130 134 139 144 133 136 139 143 148 141 143 146 149 152 157 150 151 153 155 158 162 160 161 163 165 168 170 170 171 173 175 177 180 180 181 182 184 190 190 191 192
70 60 50 40 30 20 10 0 10 20 30 40 71 61 51 41 32 22 14 10 14 22 32 41 51 61 71 81 73 63 54 45 36 28 22 20 22 28 36 45 54 63 73 82 92 36 42 50 58 67 76 85 95 104 64 72 81 89 98 108 86 94 103 112 92 100 108 117 92 99 106 114 122 100 106 113 120 103 108 114 120 127 108 112 117 122 128 117 121 125 130 136 124 126 130 134 139 132 133 136 139 143 140 141 143 146 149 152 150 150 151 153 155 158 160 160 161 163 165 170 170 170 171 173 175 180 180 180 181 182 190 190 190 191
80 70 60 50 40 30 20 10 0 10 20 30 81 71 61 51 41 32 22 14 10 14 22 32 41 51 61 71 82 73 63 54 45 36 28 22 20 22 28 36 45 54 63 73 82 32 36 42 50 58 67 76 85 95 57 64 72 81 89 98 78 86 94 103 85 92 100 108 86 92 99 106 114 94 100 106 113 98 103 108 114 120 104 108 112 117 122 114 117 121 125 130 122 124 126 130 134 130 132 133 136 139 140 140 141 143 146 149 150 150 150 151 153 155 160 160 160 161 163 171 170 170 170 171 173 181 180 180 180 181 191 190 190 190
90 80 70 60 50 40 30 20 10 0 10 20 91 81 71 61 51 41 32 22 14 10 14 22 32 41 51 61 92 82 73 63 54 45 36 28 22 20 22 28 36 45 54 63 73 30 32 36 42 50 58 67 76 85 50 57 64 72 81 89 71 78 86 94 78 85 92 100 81 86 92 99 106 89 94 100 106 95 98 103 108 114 102 104 108 112 117 112 114 117 121 125 120 122 124 126 130 130 130 132 133 136 140 140 140 141 143 146 151 150 150 150 151 153 161 160 160 160 161 173 171 170 170 170 171 182 181 180 180 180 192 191 190 190
100 90 80 70 60 50 40 30 20 10 0 10 100 91 81 71 61 51 41 32 22 14 10 14 22 32 41 51 102 92 82 73 63 54 45 36 28 22 20 22 28 36 45 54 63 32 30 32 36 42 50 58 67 76 45 50 57 64 72 81 64 71 78 86 72 78 85 92 76 81 86 92 99 85 89 94 100 92 95 98 103 108 100 102 104 108 112 110 112 114 117 121 120 120 122 124 126 130 130 130 132 133 141 140 140 140 141 143 153 151 150 150 150 151 163 161 160 160 160 175 173 171 170 170 170 184 182 181 180 180 194 192 191 190
51 41 32 22 14 10 14 22 32 41 51 61 50 40 30 20 10 0 10 20 30 40 50 60 70 80 90 100 51 41 32 22 14 10 14 22 32 41 51 61 71 81 91 100 110 45 54 63 73 82 92 102 112 122 76 85 95 104 114 124 98 108 117 126 103 112 121 130 100 108 117 125 134 106 114 122 130 106 113 120 128 136 108 114 120 127 135 117 122 128 135 141 121 125 130 136 142 126 130 134 139 144 133 136 139 143 148 153 141 143 146 149 152 157 151 153 155 158 162 160 161 163 165 168 171 170 171 173 175 177 180 181 182 184
61 51 41 32 22 14 10 14 22 32 41 51 60 50 40 30 20 10 0 10 20 30 40 50 60 70 80 90 61 51 41 32 22 14 10 14 22 32 41 51 61 71 81 91 100 36 45 54 63 73 82 92 102 112 67 76 85 95 104 114 89 98 108 117 94 103 112 121 92 100 108 117 125 99 106 114 122 100 106 113 120 128 103 108 114 120 127 112 117 122 128 135 117 121 125 130 136 124 126 130 134 139 132 133 136 139 143 148 140 141 143 146 149 152 150 151 153 155 158 160 160 161 163 165 168 170 170 171 173 175 180 180 181 182
71 61 51 41 32 22 14 10 14 22 32 41 70 60 50 40 30 20 10 0 10 20 30 40 50 60 70 80 71 61 51 41 32 22 14 10 14 22 32 41 51 61 71 81 91 28 36 45 54 63 73 82 92 102 58 67 76 85 95 104 81 89 98 108 86 94 103 112 85 92 100 108 117 92 99 106 114 94 100 106 113 120 98 103 108 114 120 108 112 117 122 128 114 117 121 125 130 122 124 126 130 134 130 132 133 136 139 143 140 140 141 143 146 149 150 150 151 153 155 160 160 160 161 163 165 170 170 170 171 173 180 180 180 181
81 71 61 51 41 32 22 14 10 14 22 32 80 70 60 50 40 30 20 10 0 10 20 30 40 50 60 70 81 71 61 51 41 32 22 14 10 14 22 32 41 51 61 71 81 22 28 36 45 54 63 73 82 92 50 58 67 76 85 95 72 81 89 98 78 86 94 103 78 85 92 100 108 86 92 99 106 89 94 100 106 113 95 98 103 108 114 104 108 112 117 122 112 114 117 121 125 120 122 124 126 130 130 130 132 133 136 139 140 140 140 141 143 146 150 150 150 151 153 161 160 160 160 161 163 171 170 170 170 171 181 180 180 180
91 81 71 61 51 41 32 22 14 10 14 22 90 80 70 60 50 40 30 20 10 0 10 20 30 40 50 60 91 81 71 61 51 41 32 22 14 10 14 22 32 41 51 61 71 20 22 28 36 45 54 63 73 82 42 50 58 67 76 85 64 72 81 89 71 78 86 94 72 78 85 92 100 81 86 92 99 85 89 94 100 106 92 95 98 103 108 102 104 108 112 117 110 112 114 117 121 120 120 122 124 126 130 130 130 132 133 136 141 140 140 140 141 143 151 150 150 150 151 163 161 160 160 160 161 173 171 170 170 170 182 181 180 180
100 91 81 71 61 51 41 32 22 14 10 14 100 90 80 70 60 50 40 30 20 10 0 10 20 30 40 50 100 91 81 71 61 51 41 32 22 14 10 14 22 32 41 51 61 22 20 22 28 36 45 54 63 73 36 42 50 58 67 76 57 64 72 81 64 71 78 86 67 72 78 85 92 76 81 86 92 82 85 89 94 100 91 92 95 98 103 100 102 104 108 112 110 110 112 114 117 120 120 120 122 124 132 130 130 130 132 133 143 141 140 140 140 141 153 151 150 150 150 165 163 161 160 160 160 175 173 171 170 170 184 182 181 180
110 100 91 81 71 61 51 41 32 22 14 10 110 100 90 80 70 60 50 40 30 20 10 0 10 20 30 40 110 100 91 81 71 61 51 41 32 22 14 10 14 22 32 41 51 28 22 20 22 28 36 45 54 63 32 36 42 50 58 67 50 57 64 72 58 64 71 78 63 67 72 78 85 73 76 81 86 81 82 85 89 94 90 91 92 95 98 100 100 102 104 108 110 110 110 112 114 122 120 120 120 122 133 132 130 130 130 132 146 143 141 140 140 140 155 153 151 150 150 168 165 163 161 160 160 177 175 173 171 170 187 184 182 181
54 45 36 28 22 20 22 28 36 45 54 63 51 41 32 22 14 10 14 22 32 41 51 61 71 81 91 100 50 40 30 20 10 0 10 20 30 40 50 60 70 80 90 100 110 41 51 61 71 81 91 100 110 120 73 82 92 102 112 122 95 104 114 124 98 108 117 126 94 103 112 121 130 100 108 117 125 99 106 114 122 130 100 106 113 120 128 108 114 120 127 135 112 117 122 128 135 117 121 125 130 136 124 126 130 134 139 144 132 133 136 139 143 148 141 143 146 149 152 150 151 153 155 158 162 160 161 163 165 168 170 171 173 175
63 54 45 36 28 22 20 22 28 36 45 54 61 51 41 32 22 14 10 14 22 32 41 51 61 71 81 91 60 50 40 30 20 10 0 10 20 30 40 50 60 70 80 90 100 32 41 51 61 71 81 91 100 110 63 73 82 92 102 112 85 95 104 114 89 98 108 117 86 94 103 112 121 92 100 108 117 92 99 106 114 122 94 100 106 113 120 103 108 114 120 127 108 112 117 122 128 114 117 121 125 130 122 124 126 130 134 139 130 132 133 136 139 143 140 141 143 146 149 150 150 151 153 155 158 160 160 161 163 165 170 170 171 173
73 63 54 45 36 28 22 20 22 28 36 45 71 61 51 41 32 22 14 10 14 22 32 41 51 61 71 81 70 60 50 40 30 20 10 0 10 20 30 40 50 60 70 80 90 22 32 41 51 61 71 81 91 100 54 63 73 82 92 102 76 85 95 104 81 89 98 108 78 86 94 103 112 85 92 100 108 86 92 99 106 114 89 94 100 106 113 98 103 108 114 120 104 108 112 117 122 112 114 117 121 125 120 122 124 126 130 134 130 130 132 133 136 139 140 140 141 143 146 150 150 150 151 153 155 160 160 160 161 163 170 170 170 171
82 73 63 54 45 36 28 22 20 22 28 36 81 71 61 51 41 32 22 14 10 14 22 32 41 51 61 71 80 70 60 50 40 30 20 10 0 10 20 30 40 50 60 70 80 14 22 32 41 51 61 71 81 91 45 54 63 73 82 92 67 76 85 95 72 81 89 98 71 78 86 94 103 78 85 92 100 81 86 92 99 106 85 89 94 100 106 95 98 103 108 114 102 104 108 112 117 110 112 114 117 121 120 120 122 124 126 130 130 130 130 132 133 136 140 140 140 141 143 151 150 150 150 151 153 161 160 160 160 161 171 170 170 170
92 82 73 63 54 45 36 28 22 20 22 28 91 81 71 61 51 41 32 22 14 10 14 22 32 41 51 61 90 80 70 60 50 40 30 20 10 0 10 20 30 40 50 60 70 10 14 22 32 41 51 61 71 81 36 45 54 63 73 82 58 67 76 85 64 72 81 89 64 71 78 86 94 72 78 85 92 76 81 86 92 99 82 85 89 94 100 92 95 98 103 108 100 102 104 108 112 110 110 112 114 117 120 120 120 122 124 126 132 130 130 130 132 133 141 140 140 140 141 153 151 150 150 150 151 163 161 160 160 160 173 171 170 170
102 92 82 73 63 54 45 36 28 22 20 22 100 91 81 71 61 51 41 32 22 14 10 14 22 32 41 51 100 90 80 70 60 50 40 30 20 10 0 10 20 30 40 50 60 14 10 14 22 32 41 51 61 71 28 36 45 54 63 73 50 58 67 76 57 64 72 81 58 64 71 78 86 67 72 78 85 73 76 81 86 92 81 82 85 89 94 91 92 95 98 103 100 100 102 104 108 110 110 110 112 114 122 120 120 120 122 124 133 132 130 130 130 132 143 141 140 140 140 155 153 151 150 150 150 165 163 161 160 160 175 173 171 170
112 102 92 82 73 63 54 45 36 28 22 20 110 100 91 81 71 61 51 41 32 22 14 10 14 22 32 41 110 100 90 80 70 60 50 40 30 20 10 0 10 20 30 40 50 22 14 10 14 22 32 41 51 61 22 28 36 45 54 63 42 50 58 67 50 57 64 72 54 58 64 71 78 63 67 72 78 71 73 76 81 86 80 81 82 85 89 90 91 92 95 98 100 100 100 102 104 112 110 110 110 112 124 122 120 120 120 122 136 133 132 130 130 130 146 143 141 140 140 158 155 153 151 150 150 168 165 163 161 160 177 175 173 171
122 112 102 92 82 73 63 54 45 36 28 22 120 110 100 91 81 71 61 51 41 32 22 14 10 14 22 32 120 110 100 90 80 70 60 50 40 30 20 10 0 10 20 30 40 32 22 14 10 14 22 32 41 51 20 22 28 36 45 54 36 42 50 58 45 50 57 64 51 54 58 64 71 61 63 67 72 70 71 73 76 81 81 80 81 82 85 91 90 91 92 95 102 100 100 100 102 114 112 110 110 110 126 124 122 120 120 120 139 136 133 132 130 130 149 146 143 141 140 162 158 155 153 151 150 171 168 165 163 161 180 177 175 173
132 122 112 102 92 82 73 63 54 45 36 28 130 120 110 100 91 81 71 61 51 41 32 22 14 10 14 22 130 120 110 100 90 80 70 60 50 40 30 20 10 0 10 20 30 41 32 22 14 10 14 22 32 41 22 20 22 28 36 45 32 36 42 50 41 45 50 57 50 51 54 58 64 60 61 63 67 71 70 71 73 76 82 81 80 81 82 92 91 90 91 92 104 102 100 100 100 117 114 112 110 110 130 126 124 122 120 120 143 139 136 133 132 130 152 149 146 143 141 166 162 158 155 153 151 175 171 168 165 163 184 180 177 175
50 42 36 32 30 32 36 42 50 58 67 76 45 36 28 22 20 22 28 36 45 54 63 73 82 92 102 112 41 32 22 14 10 14 22 32 41 51 61 71 81 91 100 110 120 50 60 70 80 90 100 110 120 130 81 91 100 110 120 130 102 112 122 132 104 114 124 133 98 108 117 126 136 103 112 121 130 100 108 117 125 134 99 106 114 122 130 106 113 120 128 136 108 114 120 127 135 112 117 122 128 135 117 121 125 130 136 142 124 126 130 134 139 144 133 136 139 143 148 141 143 146 149 152 157 151 153 155 158 162 161 163 165 168
58 50 42 36 32 30 32 36 42 50 58 67 54 45 36 28 22 20 22 28 36 45 54 63 73 82 92 102 51 41 32 22 14 10 14 22 32 41 51 61 71 81 91 100 110 40 50 60 70 80 90 100 110 120 71 81 91 100 110 120 92 102 112 122 95 104 114 124 89 98 108 117 126 94 103 112 121 92 100 108 117 125 92 99 106 114 122 100 106 113 120 128 103 108 114 120 127 108 112 117 122 128 114 117 121 125 130 136 122 124 126 130 134 139 132 133 136 139 143 140 141 143 146 149 152 150 151 153 155 158 160 161 163 165
67 58 50 42 36 32 30 32 36 42 50 58 63 54 45 36 28 22 20 22 28 36 45 54 63 73 82 92 61 51 41 32 22 14 10 14 22 32 41 51 61 71 81 91 100 30 40 50 60 70 80 90 100 110 61 71 81 91 100 110 82 92 102 112 85 95 104 114 81 89 98 108 117 86 94 103 112 85 92 100 108 117 86 92 99 106 114 94 100 106 113 120 98 103 108 114 120 104 108 112 117 122 112 114 117 121 125 130 120 122 124 126 130 134 130 132 133 136 139 140 140 141 143 146 149 150 150 151 153 155 160 160 161 163
76 67 58 50 42 36 32 30 32 36 42 50 73 63 54 45 36 28 22 20 22 28 36 45 54 63 73 82 71 61 51 41 32 22 14 10 14 22 32 41 51 61 71 81 91 20 30 40 50 60 70 80 90 100 51 61 71 81 91 100 73 82 92 102 76 85 95 104 72 81 89 98 108 78 86 94 103 78 85 92 100 108 81 86 92 99 106 89 94 100 106 113 95 98 103 108 114 102 104 108 112 117 110 112 114 117 121 125 120 120 122 124 126 130 130 130 132 133 136 140 140 140 141 143 146 150 150 150 151 153 160 160 160 161
85 76 67 58 50 42 36 32 30 32 36 42 82 73 63 54 45 36 28 22 20 22 28 36 45 54 63 73 81 71 61 51 41 32 22 14 10 14 22 32 41 51 61 71 81 10 20 30 40 50 60 70 80 90 41 51 61 71 81 91 63 73 82 92 67 76 85 95 64 72 81 89 98 71 78 86 94 72 78 85 92 100 76 81 86 92 99 85 89 94 100 106 92 95 98 103 108 100 102 104 108 112 110 110 112 114 117 121 120 120 120 122 124 126 130 130 130 132 133 141 140 140 140 141 143 151 150 150 150 151 161 160 160 160
95 85 76 67 58 50 42 36 32 30 32 36 92 82 73 63 54 45 36 28 22 20 22 28 36 45 54 63 91 81 71 61 51 41 32 22 14 10 14 22 32 41 51 61 71 0 10 20 30 40 50 60 70 80 32 41 51 61 71 81 54 63 73 82 58 67 76 85 57 64 72 81 89 64 71 78 86 67 72 78 85 92 73 76 81 86 92 82 85 89 94 100 91 92 95 98 103 100 100 102 104 108 110 110 110 112 114 117 122 120 120 120 122 124 132 130 130 130 132 143 141 140 140 140 141 153 151 150 150 150 163 161 160 160
104 95 85 76 67 58 50 42 36 32 30 32 102 92 82 73 63 54 45 36 28 22 20 22 28 36 45 54 100 91 81 71 61 51 41 32 22 14 10 14 22 32 41 51 61 10 0 10 20 30 40 50 60 70 22 32 41 51 61 71 45 54 63 73 50 58 67 76 50 57 64 72 81 58 64 71 78 63 67 72 78 85 71 73 76 81 86 81 82 85 89 94 90 91 92 95 98 100 100 100 102 104 112 110 110 110 112 114 124 122 120 120 120 122 133 132 130 130 130 146 143 141 140 140 140 155 153 151 150 150 165 163 161 160
114 104 95 85 76 67 58 50 42 36 32 30 112 102 92 82 73 63 54 45 36 28 22 20 22 28 36 45 110 100 91 81 71 61 51 41 32 22 14 10 14 22 32 41 51 20 10 0 10 20 30 40 50 60 14 22 32 41 51 61 36 45 54 63 42 50 58 67 45 50 57 64 72 54 58 64 71 61 63 67 72 78 70 71 73 76 81 80 81 82 85 89 91 90 91 92 95 102 100 100 100 102 114 112 110 110 110 112 126 124 122 120 120 120 136 133 132 130 130 149 146 143 141 140 140 158 155 153 151 150 168 165 163 161
124 114 104 95 85 76 67 58 50 42 36 32 122 112 102 92 82 73 63 54 45 36 28 22 20 22 28 36 120 110 100 91 81 71 61 51 41 32 22 14 10 14 22 32 41 30 20 10 0 10 20 30 40 50 10 14 22 32 41 51 28 36 45 54 36 42 50 58 41 45 50 57 64 51 54 58 64 60 61 63 67 72 71 70 71 73 76 81 80 81 82 85 92 91 90 91 92 104 102 100 100 100 117 114 112 110 110 110 130 126 124 122 120 120 139 136 133 132 130 152 149 146 143 141 140 162 158 155 153 151 171 168 165 163
133 124 114 104 95 85 76 67 58 50 42 36 132 122 112 102 92 82 73 63 54 45 36 28 22 20 22 28 130 120 110 100 91 81 71 61 51 41 32 22 14 10 14 22 32 40 30 20 10 0 10 20 30 40 14 10 14 22 32 41 22 28 36 45 32 36 42 50 40 41 45 50 57 50 51 54 58 61 60 61 63 67 73 71 70 71 73 82 81 80 81 82 95 92 91 90 91 108 104 102 100 100 121 117 114 112 110 110 134 130 126 124 122 120 143 139 136 133 132 157 152 149 146 143 141 166 162 158 155 153 175 171 168 165
57 50 45 41 40 41 45 50 57 64 72 81 50 42 36 32 30 32 36 42 50 58 67 76 85 95 104 114 45 36 28 22 20 22 28 36 45 54 63 73 82 92 102 112 122 51 61 71 81 91 100 110 120 130 80 90 100 110 120 130 100 110 120 130 102 112 122 132 95 104 114 124 133 98 108 117 126 94 103 112 121 130 92 100 108 117 125 99 106 114 122 130 100 106 113 120 128 103 108 114 120 127 108 112 117 122 128 135 114 117 121 125 130 136 124 126 130 134 139 132 133 136 139 143 148 141 143 146 149 152 151 153 155 158
64 57 50 45 41 40 41 45 50 57 64 72 58 50 42 36 32 30 32 36 42 50 58 67 76 85 95 104 54 45 36 28 22 20 22 28 36 45 54 63 73 82 92 102 112 41 51 61 71 81 91 100 110 120 70 80 90 100 110 120 91 100 110 120 92 102 112 122 85 95 104 114 124 89 98 108 117 86 94 103 112 121 85 92 100 108 117 92 99 106 114 122 94 100 106 113 120 98 103 108 114 120 104 108 112 117 122 128 112 114 117 121 125 130 122 124 126 130 134 130 132 133 136 139 143 140 141 143 146 149 150 151 153 155
72 64 57 50 45 41 40 41 45 50 57 64 67 58 50 42 36 32 30 32 36 42 50 58 67 76 85 95 63 54 45 36 28 22 20 22 28 36 45 54 63 73 82 92 102 32 41 51 61 71 81 91 100 110 60 70 80 90 100 110 81 91 100 110 82 92 102 112 76 85 95 104 114 81 89 98 108 78 86 94 103 112 78 85 92 100 108 86 92 99 106 114 89 94 100 106 113 95 98 103 108 114 102 104 108 112 117 122 110 112 114 117 121 125 120 122 124 126 130 130 130 132 133 136 139 140 140 141 143 146 150 150 151 153
89 81 72 64 57 50 45 41 40 41 45 50 85 76 67 58 50 42 36 32 30 32 36 42 50 58 67 76 82 73 63 54 45 36 28 22 20 22 28 36 45 54 63 73 82 14 22 32 41 51 61 71 81 91 40 50 60 70 80 90 61 71 81 91 63 73 82 92 58 67 76 85 95 64 72 81 89 64 71 78 86 94 67 72 78 85 92 76 81 86 92 99 82 85 89 94 100 91 92 95 98 103 100 100 102 104 108 112 110 110 110 112 114 117 120 120 120 122 124 132 130 130 130 132 133 141 140 140 140 141 151 150 150 150
98 89 81 72 64 57 50 45 41 40 41 45 95 85 76 67 58 50 42 36 32 30 32 36 42 50 58 67 92 82 73 63 54 45 36 28 22 20 22 28 36 45 54 63 73 10 14 22 32 41 51 61 71 81 30 40 50 60 70 80 51 61 71 81 54 63 73 82 50 58 67 76 85 57 64 72 81 58 64 71 78 86 63 67 72 78 85 73 76 81 86 92 81 82 85 89 94 90 91 92 95 98 100 100 100 102 104 108 112 110 110 110 112 114 122 120 120 120 122 133 132 130 130 130 132 143 141 140 140 140 153 151 150 150
108 98 89 81 72 64 57 50 45 41 40 41 104 95 85 76 67 58 50 42 36 32 30 32 36 42 50 58 102 92 82 73 63 54 45 36 28 22 20 22 28 36 45 54 63 14 10 14 22 32 41 51 61 71 20 30 40 50 60 70 41 51 61 71 45 54 63 73 42 50 58 67 76 50 57 64 72 54 58 64 71 78 61 63 67 72 78 71 73 76 81 86 80 81 82 85 89 91 90 91 92 95 102 100 100 100 102 104 114 112 110 110 110 112 124 122 120 120 120 136 133 132 130 130 130 146 143 141 140 140 155 153 151 150
117 108 98 89 81 72 64 57 50 45 41 40 114 104 95 85 76 67 58 50 42 36 32 30 32 36 42 50 112 102 92 82 73 63 54 45 36 28 22 20 22 28 36 45 54 22 14 10 14 22 32 41 51 61 10 20 30 40 50 60 32 41 51 61 36 45 54 63 36 42 50 58 67 45 50 57 64 51 54 58 64 71 60 61 63 67 72 70 71 73 76 81 81 80 81 82 85 92 91 90 91 92 104 102 100 100 100 102 117 114 112 110 110 110 126 124 122 120 120 139 136 133 132 130 130 149 146 143 141 140 158 155 153 151
126 117 108 98 89 81 72 64 57 50 45 41 124 114 104 95 85 76 67 58 50 42 36 32 30 32 36 42 122 112 102 92 82 73 63 54 45 36 28 22 20 22 28 36 45 32 22 14 10 14 22 32 41 51 0 10 20 30 40 50 22 32 41 51 28 36 45 54 32 36 42 50 58 41 45 50 57 50 51 54 58 64 61 60 61 63 67 71 70 71 73 76 82 81 80 81 82 95 92 91 90 91 108 104 102 100 100 100 121 117 114 112 110 110 130 126 124 122 120 143 139 136 133 132 130 152 149 146 143 141 162 158 155 153
136 126 117 108 98 89 81 72 64 57 50 45 133 124 114 104 95 85 76 67 58 50 42 36 32 30 32 36 132 122 112 102 92 82 73 63 54 45 36 28 22 20 22 28 36 41 32 22 14 10 14 22 32 41 10 0 10 20 30 40 14 22 32 41 22 28 36 45 30 32 36 42 50 40 41 45 50 51 50 51 54 58 63 61 60 61 63 73 71 70 71 73 85 82 81 80 81 98 95 92 91 90 112 108 104 102 100 100 125 121 117 114 112 110 134 130 126 124 122 148 143 139 136 133 132 157 152 149 146 143 166 162 158 155
146 136 126 117 108 98 89 81 72 64 57 50 143 133 124 114 104 95 85 76 67 58 50 42 36 32 30 32 141 132 122 112 102 92 82 73 63 54 45 36 28 22 20 22 28 51 41 32 22 14 10 14 22 32 20 10 0 10 20 30 10 14 22 32 20 22 28 36 32 30 32 36 42 41 40 41 45 54 51 50 51 54 67 63 61 60 61 76 73 71 70 71 89 85 82 81 80 103 98 95 92 91 117 112 108 104 102 100 130 125 121 117 114 112 139 134 130 126 124 153 148 143 139 136 133 161 157 152 149 146 170 166 162 158
64 58 54 51 50 51 54 58 64 71 78 86 57 50 45 41 40 41 45 50 57 64 72 81 89 98 108 117 50 42 36 32 30 32 36 42 50 58 67 76 85 95 104 114 124 54 63 73 82 92 102 112 122 132 81 91 100 110 120 130 100 110 120 130 100 110 120 130 92 102 112 122 132 95 104 114 124 89 98 108 117 126 86 94 103 112 121 92 100 108 117 125 92 99 106 114 122 94 100 106 113 120 98 103 108 114 120 127 104 108 112 117 122 128 114 117 121 125 130 122 124 126 130 134 139 132 133 136 139 143 141 143 146 149
71 64 58 54 51 50 51 54 58 64 71 78 64 57 50 45 41 40 41 45 50 57 64 72 81 89 98 108 58 50 42 36 32 30 32 36 42 50 58 67 76 85 95 104 114 45 54 63 73 82 92 102 112 122 71 81 91 100 110 120 90 100 110 120 91 100 110 120 82 92 102 112 122 85 95 104 114 81 89 98 108 117 78 86 94 103 112 85 92 100 108 117 86 92 99 106 114 89 94 100 106 113 95 98 103 108 114 120 102 104 108 112 117 122 112 114 117 121 125 120 122 124 126 130 134 130 132 133 136 139 140 141 143 146
78 71 64 58 54 51 50 51 54 58 64 71 72 64 57 50 45 41 40 41 45 50 57 64 72 81 89 98 67 58 50 42 36 32 30 32 36 42 50 58 67 76 85 95 104 36 45 54 63 73 82 92 102 112 61 71 81 91 100 110 80 90 100 110 81 91 100 110 73 82 92 102 112 76 85 95 104 72 81 89 98 108 71 78 86 94 103 78 85 92 100 108 81 86 92 99 106 85 89 94 100 106 92 95 98 103 108 114 100 102 104 108 112 117 110 112 114 117 121 120 120 122 124 126 130 130 130 132 133 136 140 140 141 143
112 103 94 86 78 71 64 58 54 51 50 51 108 98 89 81 72 64 57 50 45 41 40 41 45 50 57 64 104 95 85 76 67 58 50 42 36 32 30 32 36 42 50 58 67 22 20 22 28 36 45 54 63 73 22 32 41 51 61 71 40 50 60 70 41 51 61 71 36 45 54 63 73 42 50 58 67 45 50 57 64 72 51 54 58 64 71 61 63 67 72 78 70 71 73 76 81 81 80 81 82 85 92 91 90 91 92 95 104 102 100 100 100 102 114 112 110 110 110 126 124 122 120 120 120 136 133 132 130 130 146 143 141 140
121 112 103 94 86 78 71 64 58 54 51 50 117 108 98 89 81 72 64 57 50 45 41 40 41 45 50 57 114 104 95 85 76 67 58 50 42 36 32 30 32 36 42 50 58 28 22 20 22 28 36 45 54 63 14 22 32 41 51 61 30 40 50 60 32 41 51 61 28 36 45 54 63 36 42 50 58 41 45 50 57 64 50 51 54 58 64 60 61 63 67 72 71 70 71 73 76 82 81 80 81 82 95 92 91 90 91 92 108 104 102 100 100 100 117 114 112 110 110 130 126 124 122 120 120 139 136 133 132 130 149 146 143 141
130 121 112 103 94 86 78 71 64 58 54 51 126 117 108 98 89 81 72 64 57 50 45 41 40 41 45 50 124 114 104 95 85 76 67 58 50 42 36 32 30 32 36 42 50 36 28 22 20 22 28 36 45 54 10 14 22 32 41 51 20 30 40 50 22 32 41 51 22 28 36 45 54 32 36 42 50 40 41 45 50 57 51 50 51 54 58 61 60 61 63 67 73 71 70 71 73 85 82 81 80 81 98 95 92 91 90 91 112 108 104 102 100 100 121 117 114 112 110 134 130 126 124 122 120 143 139 136 133 132 152 149 146 143
139 130 121 112 103 94 86 78 71 64 58 54 136 126 117 108 98 89 81 72 64 57 50 45 41 40 41 45 133 124 114 104 95 85 76 67 58 50 42 36 32 30 32 36 42 45 36 28 22 20 22 28 36 45 14 10 14 22 32 41 10 20 30 40 14 22 32 41 20 22 28 36 45 30 32 36 42 41 40 41 45 50 54 51 50 51 54 63 61 60 61 63 76 73 71 70 71 89 85 82 81 80 103 98 95 92 91 90 117 112 108 104 102 100 125 121 117 114 112 139 134 130 126 124 122 148 143 139 136 133 157 152 149 146
149 139 130 121 112 103 94 86 78 71 64 58 146 136 126 117 108 98 89 81 72 64 57 50 45 41 40 41 143 133 124 114 104 95 85 76 67 58 50 42 36 32 30 32 36 54 45 36 28 22 20 22 28 36 22 14 10 14 22 32 0 10 20 30 10 14 22 32 22 20 22 28 36 32 30 32 36 45 41 40 41 45 58 54 51 50 51 67 63 61 60 61 81 76 73 71 70 94 89 85 82 81 108 103 98 95 92 91 122 117 112 108 104 102 130 125 121 117 114 144 139 134 130 126 124 153 148 143 139 136 161 157 152 149
72 67 63 61 60 61 63 67 72 78 85 92 64 58 54 51 50 51 54 58 64 71 78 86 94 103 112 121 57 50 45 41 40 41 45 50 57 64 72 81 89 98 108 117 126 58 67 76 85 95 104 114 124 133 82 92 102 112 122 132 100 110 120 130 100 110 120 130 91 100 110 120 130 92 102 112 122 85 95 104 114 124 81 89 98 108 117 86 94 103 112 121 85 92 100 108 117 86 92 99 106 114 89 94 100 106 113 120 95 98 103 108 114 120 104 108 112 117 122 112 114 117 121 125 130 122 124 126 130 134 132 133 136 139
78 72 67 63 61 60 61 63 67 72 78 85 71 64 58 54 51 50 51 54 58 64 71 78 86 94 103 112 64 57 50 45 41 40 41 45 50 57 64 72 81 89 98 108 117 50 58 67 76 85 95 104 114 124 73 82 92 102 112 122 91 100 110 120 90 100 110 120 81 91 100 110 120 82 92 102 112 76 85 95 104 114 72 81 89 98 108 78 86 94 103 112 78 85 92 100 108 81 86 92 99 106 85 89 94 100 106 113 92 95 98 103 108 114 102 104 108 112 117 110 112 114 117 121 125 120 122 124 126 130 130 132 133 136
85 78 72 67 63 61 60 61 63 67 72 78 78 71 64 58 54 51 50 51 54 58 64 71 78 86 94 103 72 64 57 50 45 41 40 41 45 50 57 64 72 81 89 98 108 42 50 58 67 76 85 95 104 114 63 73 82 92 102 112 81 91 100 110 80 90 100 110 71 81 91 100 110 73 82 92 102 67 76 85 95 104 64 72 81 89 98 71 78 86 94 103 72 78 85 92 100 76 81 86 92 99 82 85 89 94 100 106 91 92 95 98 103 108 100 102 104 108 112 110 110 112 114 117 121 120 120 122 124 126 130 130 132 133
117 108 100 92 85 78 72 67 63 61 60 61 112 103 94 86 78 71 64 58 54 51 50 51 54 58 64 71 108 98 89 81 72 64 57 50 45 41 40 41 45 50 57 64 72 32 30 32 36 42 50 58 67 76 28 36 45 54 63 73 41 51 61 71 40 50 60 70 32 41 51 61 71 36 45 54 63 36 42 50 58 67 41 45 50 57 64 51 54 58 64 71 60 61 63 67 72 71 70 71 73 76 82 81 80 81 82 85 95 92 91 90 91 92 104 102 100 100 100 117 114 112 110 110 110 126 124 122 120 120 136 133 132 130
125 117 108 100 92 85 78 72 67 63 61 60 121 112 103 94 86 78 71 64 58 54 51 50 51 54 58 64 117 108 98 89 81 72 64 57 50 45 41 40 41 45 50 57 64 36 32 30 32 36 42 50 58 67 22 28 36 45 54 63 32 41 51 61 30 40 50 60 22 32 41 51 61 28 36 45 54 32 36 42 50 58 40 41 45 50 57 50 51 54 58 64 61 60 61 63 67 73 71 70 71 73 85 82 81 80 81 82 98 95 92 91 90 91 108 104 102 100 100 121 117 114 112 110 110 130 126 124 122 120 139 136 133 132
134 125 117 108 100 92 85 78 72 67 63 61 130 121 112 103 94 86 78 71 64 58 54 51 50 51 54 58 126 117 108 98 89 81 72 64 57 50 45 41 40 41 45 50 57 42 36 32 30 32 36 42 50 58 20 22 28 36 45 54 22 32 41 51 20 30 40 50 14 22 32 41 51 22 28 36 45 30 32 36 42 50 41 40 41 45 50 51 50 51 54 58 63 61 60 61 63 76 73 71 70 71 89 85 82 81 80 81 103 98 95 92 91 90 112 108 104 102 100 125 121 117 114 112 110 134 130 126 124 122 143 139 136 133
143 134 125 117 108 100 92 85 78 72 67 63 139 130 121 112 103 94 86 78 71 64 58 54 51 50 51 54 136 126 117 108 98 89 81 72 64 57 50 45 41 40 41 45 50 50 42 36 32 30 32 36 42 50 22 20 22 28 36 45 14 22 32 41 10 20 30 40 10 14 22 32 41 20 22 28 36 32 30 32 36 42 45 41 40 41 45 54 51 50 51 54 67 63 61 60 61 81 76 73 71 70 94 89 85 82 81 80 108 103 98 95 92 91 117 112 108 104 102 130 125 121 117 114 112 139 134 130 126 124 148 143 139 136
81 76 73 71 70 71 73 76 81 86 92 99 72 67 63 61 60 61 63 67 72 78 85 92 100 108 117 125 64 58 54 51 50 51 54 58 64 71 78 86 94 103 112 121 130 64 72 81 89 98 108 117 126 136 85 95 104 114 124 133 102 112 122 132 100 110 120 130 90 100 110 120 130 91 100 110 120 82 92 102 112 122 76 85 95 104 114 81 89 98 108 117 78 86 94 103 112 78 85 92 100 108 81 86 92 99 106 114 85 89 94 100 106 113 95 98 103 108 114 102 104 108 112 117 122 112 114 117 121 125 122 124 126 130
86 81 76 73 71 70 71 73 76 81 86 92 78 72 67 63 61 60 61 63 67 72 78 85 92 100 108 117 71 64 58 54 51 50 51 54 58 64 71 78 86 94 103 112 121 57 64 72 81 89 98 108 117 126 76 85 95 104 114 124 92 102 112 122 91 100 110 120 80 90 100 110 120 81 91 100 110 73 82 92 102 112 67 76 85 95 104 72 81 89 98 108 71 78 86 94 103 72 78 85 92 100 76 81 86 92 99 106 82 85 89 94 100 106 92 95 98 103 108 100 102 104 108 112 117 110 112 114 117 121 120 122 124 126
92 86 81 76 73 71 70 71 73 76 81 86 85 78 72 67 63 61 60 61 63 67 72 78 85 92 100 108 78 71 64 58 54 51 50 51 54 58 64 71 78 86 94 103 112 50 57 64 72 81 89 98 108 117 67 76 85 95 104 114 82 92 102 112 81 91 100 110 70 80 90 100 110 71 81 91 100 63 73 82 92 102 58 67 76 85 95 64 72 81 89 98 64 71 78 86 94 67 72 78 85 92 73 76 81 86 92 99 81 82 85 89 94 100 91 92 95 98 103 100 100 102 104 108 112 110 110 112 114 117 120 120 122 124
99 92 86 81 76 73 71 70 71 73 76 81 92 85 78 72 67 63 61 60 61 63 67 72 78 85 92 100 86 78 71 64 58 54 51 50 51 54 58 64 71 78 86 94 103 45 50 57 64 72 81 89 98 108 58 67 76 85 95 104 73 82 92 102 71 81 91 100 60 70 80 90 100 61 71 81 91 54 63 73 82 92 50 58 67 76 85 57 64 72 81 89 58 64 71 78 86 63 67 72 78 85 71 73 76 81 86 92 80 81 82 85 89 94 90 91 92 95 98 100 100 100 102 104 108 110 110 110 112 114 120 120 120 122
106 99 92 86 81 76 73 71 70 71 73 76 100 92 85 78 72 67 63 61 60 61 63 67 72 78 85 92 94 86 78 71 64 58 54 51 50 51 54 58 64 71 78 86 94 41 45 50 57 64 72 81 89 98 50 58 67 76 85 95 63 73 82 92 61 71 81 91 50 60 70 80 90 51 61 71 81 45 54 63 73 82 42 50 58 67 76 50 57 64 72 81 54 58 64 71 78 61 63 67 72 78 70 71 73 76 81 86 81 80 81 82 85 89 91 90 91 92 95 102 100 100 100 102 104 112 110 110 110 112 122 120 120 120
114 106 99 92 86 81 76 73 71 70 71 73 108 100 92 85 78 72 67 63 61 60 61 63 67 72 78 85 103 94 86 78 71 64 58 54 51 50 51 54 58 64 71 78 86 40 41 45 50 57 64 72 81 89 42 50 58 67 76 85 54 63 73 82 51 61 71 81 40 50 60 70 80 41 51 61 71 36 45 54 63 73 36 42 50 58 67 45 50 57 64 72 51 54 58 64 71 60 61 63 67 72 71 70 71 73 76 81 82 81 80 81 82 85 92 91 90 91 92 104 102 100 100 100 102 114 112 110 110 110 124 122 120 120
122 114 106 99 92 86 81 76 73 71 70 71 117 108 100 92 85 78 72 67 63 61 60 61 63 67 72 78 112 103 94 86 78 71 64 58 54 51 50 51 54 58 64 71 78 41 40 41 45 50 57 64 72 81 36 42 50 58 67 76 45 54 63 73 41 51 61 71 30 40 50 60 70 32 41 51 61 28 36 45 54 63 32 36 42 50 58 41 45 50 57 64 50 51 54 58 64 61 60 61 63 67 73 71 70 71 73 76 85 82 81 80 81 82 95 92 91 90 91 108 104 102 100 100 100 117 114 112 110 110 126 124 122 120
130 122 114 106 99 92 86 81 76 73 71 70 125 117 108 100 92 85 78 72 67 63 61 60 61 63 67 72 121 112 103 94 86 78 71 64 58 54 51 50 51 54 58 64 71 45 41 40 41 45 50 57 64 72 32 36 42 50 58 67 36 45 54 63 32 41 51 61 20 30 40 50 60 22 32 41 51 22 28 36 45 54 30 32 36 42 50 40 41 45 50 57 51 50 51 54 58 63 61 60 61 63 76 73 71 70 71 73 89 85 82 81 80 81 98 95 92 91 90 112 108 104 102 100 100 121 117 114 112 110 130 126 124 122
139 130 122 114 106 99 92 86 81 76 73 71 134 125 117 108 100 92 85 78 72 67 63 61 60 61 63 67 130 121 112 103 94 86 78 71 64 58 54 51 50 51 54 58 64 50 45 41 40 41 45 50 57 64 30 32 36 42 50 58 28 36 45 54 22 32 41 51 10 20 30 40 50 14 22 32 41 20 22 28 36 45 32 30 32 36 42 41 40 41 45 50 54 51 50 51 54 67 63 61 60 61 81 76 73 71 70 71 94 89 85 82 81 80 103 98 95 92 91 117 112 108 104 102 100 125 121 117 114 112 134 130 126 124
148 139 130 122 114 106 99 92 86 81 76 73 143 134 125 117 108 100 92 85 78 72 67 63 61 60 61 63 139 130 121 112 103 94 86 78 71 64 58 54 51 50 51 54 58 57 50 45 41 40 41 45 50 57 32 30 32 36 42 50 22 28 36 45 14 22 32 41 0 10 20 30 40 10 14 22 32 22 20 22 28 36 36 32 30 32 36 45 41 40 41 45 58 54 51 50 51 72 67 63 61 60 86 81 76 73 71 70 100 94 89 85 82 81 108 103 98 95 92 122 117 112 108 104 102 130 125 121 117 114 139 134 130 126
157 148 139 130 122 114 106 99 92 86 81 76 152 143 134 125 117 108 100 92 85 78 72 67 63 61 60 61 149 139 130 121 112 103 94 86 78 71 64 58 54 51 50 51 54 64 57 50 45 41 40 41 45 50 36 32 30 32 36 42 20 22 28 36 10 14 22 32 10 0 10 20 30 14 10 14 22 28 22 20 22 28 42 36 32 30 32 50 45 41 40 41 64 58 54 51 50 78 72 67 63 61 92 86 81 76 73 71 106 100 94 89 85 82 114 108 103 98 95 128 122 117 112 108 104 136 130 125 121 117 144 139 134 130
89 85 82 81 80 81 82 85 89 94 100 106 81 76 73 71 70 71 73 76 81 86 92 99 106 114 122 130 72 67 63 61 60 61 63 67 72 78 85 92 100 108 117 125 134 71 78 86 94 103 112 121 130 139 89 98 108 117 126 136 104 114 124 133 102 112 122 132 91 100 110 120 130 90 100 110 120 81 91 100 110 120 73 82 92 102 112 76 85 95 104 114 72 81 89 98 108 71 78 86 94 103 72 78 85 92 100 108 76 81 86 92 99 106 85 89 94 100 106 92 95 98 103 108 114 102 104 108 112 117 112 114 117 121
94 89 85 82 81 80 81 82 85 89 94 100 86 81 76 73 71 70 71 73 76 81 86 92 99 106 114 122 78 72 67 63 61 60 61 63 67 72 78 85 92 100 108 117 125 64 71 78 86 94 103 112 121 130 81 89 98 108 117 126 95 104 114 124 92 102 112 122 81 91 100 110 120 80 90 100 110 71 81 91 100 110 63 73 82 92 102 67 76 85 95 104 64 72 81 89 98 64 71 78 86 94 67 72 78 85 92 100 73 76 81 86 92 99 82 85 89 94 100 91 92 95 98 103 108 100 102 104 108 112 110 112 114 117
100 94 89 85 82 81 80 81 82 85 89 94 92 86 81 76 73 71 70 71 73 76 81 86 92 99 106 114 85 78 72 67 63 61 60 61 63 67 72 78 85 92 100 108 117 58 64 71 78 86 94 103 112 121 72 81 89 98 108 117 85 95 104 114 82 92 102 112 71 81 91 100 110 70 80 90 100 61 71 81 91 100 54 63 73 82 92 58 67 76 85 95 57 64 72 81 89 58 64 71 78 86 63 67 72 78 85 92 71 73 76 81 86 92 81 82 85 89 94 90 91 92 95 98 103 100 100 102 104 108 110 110 112 114
106 100 94 89 85 82 81 80 81 82 85 89 99 92 86 81 76 73 71 70 71 73 76 81 86 92 99 106 92 85 78 72 67 63 61 60 61 63 67 72 78 85 92 100 108 54 58 64 71 78 86 94 103 112 64 72 81 89 98 108 76 85 95 104 73 82 92 102 61 71 81 91 100 60 70 80 90 51 61 71 81 91 45 54 63 73 82 50 58 67 76 85 50 57 64 72 81 54 58 64 71 78 61 63 67 72 78 85 70 71 73 76 81 86 80 81 82 85 89 91 90 91 92 95 98 100 100 100 102 104 110 110 110 112
113 106 100 94 89 85 82 81 80 81 82 85 106 99 92 86 81 76 73 71 70 71 73 76 81 86 92 99 100 92 85 78 72 67 63 61 60 61 63 67 72 78 85 92 100 51 54 58 64 71 78 86 94 103 57 64 72 81 89 98 67 76 85 95 63 73 82 92 51 61 71 81 91 50 60 70 80 41 51 61 71 81 36 45 54 63 73 42 50 58 67 76 45 50 57 64 72 51 54 58 64 71 60 61 63 67 72 78 71 70 71 73 76 81 81 80 81 82 85 92 91 90 91 92 95 102 100 100 100 102 112 110 110 110
120 113 106 100 94 89 85 82 81 80 81 82 114 106 99 92 86 81 76 73 71 70 71 73 76 81 86 92 108 100 92 85 78 72 67 63 61 60 61 63 67 72 78 85 92 50 51 54 58 64 71 78 86 94 50 57 64 72 81 89 58 67 76 85 54 63 73 82 41 51 61 71 81 40 50 60 70 32 41 51 61 71 28 36 45 54 63 36 42 50 58 67 41 45 50 57 64 50 51 54 58 64 61 60 61 63 67 72 73 71 70 71 73 76 82 81 80 81 82 95 92 91 90 91 92 104 102 100 100 100 114 112 110 110
128 120 113 106 100 94 89 85 82 81 80 81 122 114 106 99 92 86 81 76 73 71 70 71 73 76 81 86 117 108 100 92 85 78 72 67 63 61 60 61 63 67 72 78 85 51 50 51 54 58 64 71 78 86 45 50 57 64 72 81 50 58 67 76 45 54 63 73 32 41 51 61 71 30 40 50 60 22 32 41 51 61 22 28 36 45 54 32 36 42 50 58 40 41 45 50 57 51 50 51 54 58 63 61 60 61 63 67 76 73 71 70 71 73 85 82 81 80 81 98 95 92 91 90 91 108 104 102 100 100 117 114 112 110
136 128 120 113 106 100 94 89 85 82 81 80 130 122 114 106 99 92 86 81 76 73 71 70 71 73 76 81 125 117 108 100 92 85 78 72 67 63 61 60 61 63 67 72 78 54 51 50 51 54 58 64 71 78 41 45 50 57 64 72 42 50 58 67 36 45 54 63 22 32 41 51 61 20 30 40 50 14 22 32 41 51 20 22 28 36 45 30 32 36 42 50 41 40 41 45 50 54 51 50 51 54 67 63 61 60 61 63 81 76 73 71 70 71 89 85 82 81 80 103 98 95 92 91 90 112 108 104 102 100 121 117 114 112
144 136 128 120 113 106 100 94 89 85 82 81 139 130 122 114 106 99 92 86 81 76 73 71 70 71 73 76 134 125 117 108 100 92 85 78 72 67 63 61 60 61 63 67 72 58 54 51 50 51 54 58 64 71 40 41 45 50 57 64 36 42 50 58 28 36 45 54 14 22 32 41 51 10 20 30 40 10 14 22 32 41 22 20 22 28 36 32 30 32 36 42 45 41 40 41 45 58 54 51 50 51 72 67 63 61 60 61 86 81 76 73 71 70 94 89 85 82 81 108 103 98 95 92 91 117 112 108 104 102 125 121 117 114
153 144 136 128 120 113 106 100 94 89 85 82 148 139 130 122 114 106 99 92 86 81 76 73 71 70 71 73 143 134 125 117 108 100 92 85 78 72 67 63 61 60 61 63 67 64 58 54 51 50 51 54 58 64 41 40 41 45 50 57 32 36 42 50 22 28 36 45 10 14 22 32 41 0 10 20 30 14 10 14 22 32 28 22 20 22 28 36 32 30 32 36 50 45 41 40 41 64 58 54 51 50 78 72 67 63 61 60 92 86 81 76 73 71 100 94 89 85 82 114 108 103 98 95 92 122 117 112 108 104 130 125 121 117
161 153 144 136 128 120 113 106 100 94 89 85 157 148 139 130 122 114 106 99 92 86 81 76 73 71 70 71 152 143 134 125 117 108 100 92 85 78 72 67 63 61 60 61 63 71 64 58 54 51 50 51 54 58 45 41 40 41 45 50 30 32 36 42 20 22 28 36 14 10 14 22 32 10 0 10 20 22 14 10 14 22 36 28 22 20 22 42 36 32 30 32 57 50 45 41 40 71 64 58 54 51 85 78 72 67 63 61 99 92 86 81 76 73 106 100 94 89 85 120 114 108 103 98 95 128 122 117 112 108 136 130 125 121
103 98 95 92 91 90 91 92 95 98 103 108 94 89 85 82 81 80 81 82 85 89 94 100 106 113 120 128 86 81 76 73 71 70 71 73 76 81 86 92 99 106 114 122 130 72 78 85 92 100 108 117 125 134 86 94 103 112 121 130 98 108 117 126 95 104 114 124 82 92 102 112 122 81 91 100 110 70 80 90 100 110 61 71 81 91 100 63 73 82 92 102 58 67 76 85 95 57 64 72 81 89 58 64 71 78 86 94 63 67 72 78 85 92 73 76 81 86 92 81 82 85 89 94 100 91 92 95 98 103 100 102 104 108
108 103 98 95 92 91 90 91 92 95 98 103 100 94 89 85 82 81 80 81 82 85 89 94 100 106 113 120 92 86 81 76 73 71 70 71 73 76 81 86 92 99 106 114 122 67 72 78 85 92 100 108 117 125 78 86 94 103 112 121 89 98 108 117 85 95 104 114 73 82 92 102 112 71 81 91 100 60 70 80 90 100 51 61 71 81 91 54 63 73 82 92 50 58 67 76 85 50 57 64 72 81 54 58 64 71 78 86 61 63 67 72 78 85 71 73 76 81 86 80 81 82 85 89 94 90 91 92 95 98 100 100 102 104
114 108 103 98 95 92 91 90 91 92 95 98 106 100 94 89 85 82 81 80 81 82 85 89 94 100 106 113 99 92 86 81 76 73 71 70 71 73 76 81 86 92 99 106 114 63 67 72 78 85 92 100 108 117 71 78 86 94 103 112 81 89 98 108 76 85 95 104 63 73 82 92 102 61 71 81 91 50 60 70 80 90 41 51 61 71 81 45 54 63 73 82 42 50 58 67 76 45 50 57 64 72 51 54 58 64 71 78 60 61 63 67 72 78 70 71 73 76 81 81 80 81 82 85 89 91 90 91 92 95 100 100 100 102
120 114 108 103 98 95 92 91 90 91 92 95 113 106 100 94 89 85 82 81 80 81 82 85 89 94 100 106 106 99 92 86 81 76 73 71 70 71 73 76 81 86 92 99 106 61 63 67 72 78 85 92 100 108 64 71 78 86 94 103 72 81 89 98 67 76 85 95 54 63 73 82 92 51 61 71 81 40 50 60 70 80 32 41 51 61 71 36 45 54 63 73 36 42 50 58 67 41 45 50 57 64 50 51 54 58 64 71 61 60 61 63 67 72 71 70 71 73 76 82 81 80 81 82 85 92 91 90 91 92 102 100 100 100
127 120 114 108 103 98 95 92 91 90 91 92 120 113 106 100 94 89 85 82 81 80 81 82 85 89 94 100 114 106 99 92 86 81 76 73 71 70 71 73 76 81 86 92 99 60 61 63 67 72 78 85 92 100 58 64 71 78 86 94 64 72 81 89 58 67 76 85 45 54 63 73 82 41 51 61 71 30 40 50 60 70 22 32 41 51 61 28 36 45 54 63 32 36 42 50 58 40 41 45 50 57 51 50 51 54 58 64 63 61 60 61 63 67 73 71 70 71 73 85 82 81 80 81 82 95 92 91 90 91 104 102 100 100
135 127 120 114 108 103 98 95 92 91 90 91 128 120 113 106 100 94 89 85 82 81 80 81 82 85 89 94 122 114 106 99 92 86 81 76 73 71 70 71 73 76 81 86 92 61 60 61 63 67 72 78 85 92 54 58 64 71 78 86 57 64 72 81 50 58 67 76 36 45 54 63 73 32 41 51 61 20 30 40 50 60 14 22 32 41 51 22 28 36 45 54 30 32 36 42 50 41 40 41 45 50 54 51 50 51 54 58 67 63 61 60 61 63 76 73 71 70 71 89 85 82 81 80 81 98 95 92 91 90 108 104 102 100
150 142 135 127 120 114 108 103 98 95 92 91 144 136 128 120 113 106 100 94 89 85 82 81 80 81 82 85 139 130 122 114 106 99 92 86 81 76 73 71 70 71 73 76 81 67 63 61 60 61 63 67 72 78 50 51 54 58 64 71 45 50 57 64 36 42 50 58 22 28 36 45 54 14 22 32 41 0 10 20 30 40 14 10 14 22 32 22 20 22 28 36 36 32 30 32 36 50 45 41 40 41 64 58 54 51 50 51 78 72 67 63 61 60 86 81 76 73 71 100 94 89 85 82 81 108 103 98 95 92 117 112 108 104
158 150 142 135 127 120 114 108 103 98 95 92 153 144 136 128 120 113 106 100 94 89 85 82 81 80 81 82 148 139 130 122 114 106 99 92 86 81 76 73 71 70 71 73 76 72 67 63 61 60 61 63 67 72 51 50 51 54 58 64 41 45 50 57 32 36 42 50 20 22 28 36 45 10 14 22 32 10 0 10 20 30 22 14 10 14 22 28 22 20 22 28 42 36 32 30 32 57 50 45 41 40 71 64 58 54 51 50 85 78 72 67 63 61 92 86 81 76 73 106 100 94 89 85 82 114 108 103 98 95 122 117 112 108
166 158 150 142 135 127 120 114 108 103 98 95 161 153 144 136 128 120 113 106 100 94 89 85 82 81 80 81 157 148 139 130 122 114 106 99 92 86 81 76 73 71 70 71 73 78 72 67 63 61 60 61 63 67 54 51 50 51 54 58 40 41 45 50 30 32 36 42 22 20 22 28 36 14 10 14 22 20 10 0 10 20 32 22 14 10 14 36 28 22 20 22 50 42 36 32 30 64 57 50 45 41 78 71 64 58 54 51 92 85 78 72 67 63 99 92 86 81 76 113 106 100 94 89 85 120 114 108 103 98 128 122 117 112
175 166 158 150 142 135 127 120 114 108 103 98 170 161 153 144 136 128 120 113 106 100 94 89 85 82 81 80 166 157 148 139 130 122 114 106 99 92 86 81 76 73 71 70 71 85 78 72 67 63 61 60 61 63 58 54 51 50 51 54 41 40 41 45 32 30 32 36 28 22 20 22 28 22 14 10 14 30 20 10 0 10 41 32 22 14 10 45 36 28 22 20 58 50 42 36 32 72 64 57 50 45 86 78 71 64 58 54 100 92 85 78 72 67 106 99 92 86 81 120 113 106 100 94 89 127 120 114 108 103 135 128 122 117
117 112 108 104 102 100 100 100 102 104 108 112 108 103 98 95 92 91 90 91 92 95 98 103 108 114 120 127 100 94 89 85 82 81 80 81 82 85 89 94 100 106 113 120 128 76 81 86 92 99 106 114 122 130 85 92 100 108 117 125 94 103 112 121 89 98 108 117 76 85 95 104 114 73 82 92 102 61 71 81 91 100 50 60 70 80 90 51 61 71 81 91 45 54 63 73 82 42 50 58 67 76 45 50 57 64 72 81 51 54 58 64 71 78 61 63 67 72 78 70 71 73 76 81 86 80 81 82 85 89 90 91 92 95
122 117 112 108 104 102 100 100 100 102 104 108 114 108 103 98 95 92 91 90 91 92 95 98 103 108 114 120 106 100 94 89 85 82 81 80 81 82 85 89 94 100 106 113 120 73 76 81 86 92 99 106 114 122 78 85 92 100 108 117 86 94 103 112 81 89 98 108 67 76 85 95 104 63 73 82 92 51 61 71 81 91 40 50 60 70 80 41 51 61 71 81 36 45 54 63 73 36 42 50 58 67 41 45 50 57 64 72 50 51 54 58 64 71 60 61 63 67 72 71 70 71 73 76 81 81 80 81 82 85 91 90 91 92
128 122 117 112 108 104 102 100 100 100 102 104 120 114 108 103 98 95 92 91 90 91 92 95 98 103 108 114 113 106 100 94 89 85 82 81 80 81 82 85 89 94 100 106 113 71 73 76 81 86 92 99 106 114 72 78 85 92 100 108 78 86 94 103 72 81 89 98 58 67 76 85 95 54 63 73 82 41 51 61 71 81 30 40 50 60 70 32 41 51 61 71 28 36 45 54 63 32 36 42 50 58 40 41 45 50 57 64 51 50 51 54 58 64 61 60 61 63 67 73 71 70 71 73 76 82 81 80 81 82 92 91 90 91
135 128 122 117 112 108 104 102 100 100 100 102 127 120 114 108 103 98 95 92 91 90 91 92 95 98 103 108 120 113 106 100 94 89 85 82 81 80 81 82 85 89 94 100 106 70 71 73 76 81 86 92 99 106 67 72 78 85 92 100 71 78 86 94 64 72 81 89 50 58 67 76 85 45 54 63 73 32 41 51 61 71 20 30 40 50 60 22 32 41 51 61 22 28 36 45 54 30 32 36 42 50 41 40 41 45 50 57 54 51 50 51 54 58 63 61 60 61 63 76 73 71 70 71 73 85 82 81 80 81 95 92 91 90
156 149 141 135 128 122 117 112 108 104 102 100 150 142 135 127 120 114 108 103 98 95 92 91 90 91 92 95 144 136 128 120 113 106 100 94 89 85 82 81 80 81 82 85 89 76 73 71 70 71 73 76 81 86 60 61 63 67 72 78 54 58 64 71 45 50 57 64 32 36 42 50 58 22 28 36 45 10 14 22 32 41 10 0 10 20 30 14 10 14 22 32 28 22 20 22 28 42 36 32 30 32 57 50 45 41 40 41 71 64 58 54 51 50 78 72 67 63 61 92 86 81 76 73 71 100 94 89 85 82 108 103 98 95
164 156 149 141 135 128 122 117 112 108 104 102 158 150 142 135 127 120 114 108 103 98 95 92 91 90 91 92 153 144 136 128 120 113 106 100 94 89 85 82 81 80 81 82 85 81 76 73 71 70 71 73 76 81 61 60 61 63 67 72 51 54 58 64 41 45 50 57 30 32 36 42 50 20 22 28 36 14 10 14 22 32 20 10 0 10 20 22 14 10 14 22 36 28 22 20 22 50 42 36 32 30 64 57 50 45 41 40 78 71 64 58 54 51 85 78 72 67 63 99 92 86 81 76 73 106 100 94 89 85 114 108 103 98
172 164 156 149 141 135 128 122 117 112 108 104 166 158 150 142 135 127 120 114 108 103 98 95 92 91 90 91 161 153 144 136 128 120 113 106 100 94 89 85 82 81 80 81 82 86 81 76 73 71 70 71 73 76 63 61 60 61 63 67 50 51 54 58 40 41 45 50 32 30 32 36 42 22 20 22 28 22 14 10 14 22 30 20 10 0 10 32 22 14 10 14 45 36 28 22 20 58 50 42 36 32 72 64 57 50 45 41 86 78 71 64 58 54 92 85 78 72 67 106 99 92 86 81 76 113 106 100 94 89 120 114 108 103
180 172 164 156 149 141 135 128 122 117 112 108 175 166 158 150 142 135 127 120 114 108 103 98 95 92 91 90 170 161 153 144 136 128 120 113 106 100 94 89 85 82 81 80 81 92 86 81 76 73 71 70 71 73 67 63 61 60 61 63 51 50 51 54 41 40 41 45 36 32 30 32 36 28 22 20 22 32 22 14 10 14 40 30 20 10 0 41 32 22 14 10 54 45 36 28 22 67 58 50 42 36 81 72 64 57 50 45 94 86 78 71 64 58 100 92 85 78 72 114 106 99 92 86 81 120 113 106 100 94 127 120 114 108
170 163 156 149 142 136 130 125 121 117 114 112 164 156 149 141 135 128 122 117 112 108 104 102 100 100 100 102 158 150 142 135 127 120 114 108 103 98 95 92 91 90 91 92 95 89 85 82 81 80 81 82 85 89 71 70 71 73 76 81 61 63 67 72 51 54 58 64 40 41 45 50 57 30 32 36 42 22 20 22 28 36 22 14 10 14 22 20 10 0 10 20 32 22 14 10 14 45 36 28 22 20 58 50 42 36 32 30 72 64 57 50 45 41 78 71 64 58 54 92 85 78 72 67 63 99 92 86 81 76 106 100 94 89
178 170 163 156 149 142 136 130 125 121 117 114 172 164 156 149 141 135 128 122 117 112 108 104 102 100 100 100 166 158 150 142 135 127 120 114 108 103 98 95 92 91 90 91 92 94 89 85 82 81 80 81 82 85 73 71 70 71 73 76 60 61 63 67 50 51 54 58 41 40 41 45 50 32 30 32 36 28 22 20 22 28 32 22 14 10 14 30 20 10 0 10 41 32 22 14 10 54 45 36 28 22 67 58 50 42 36 32 81 72 64 57 50 45 86 78 71 64 58 100 92 85 78 72 67 106 99 92 86 81 113 106 100 94
186 178 170 163 156 149 142 136 130 125 121 117 180 172 164 156 149 141 135 128 122 117 112 108 104 102 100 100 175 166 158 150 142 135 127 120 114 108 103 98 95 92 91 90 91 100 94 89 85 82 81 80 81 82 76 73 71 70 71 73 61 60 61 63 51 50 51 54 45 41 40 41 45 36 32 30 32 36 28 22 20 22 41 32 22 14 10 40 30 20 10 0 51 41 32 22 14 63 54 45 36 28 76 67 58 50 42 36 89 81 72 64 57 50 94 86 78 71 64 108 100 92 85 78 72 114 106 99 92 86 120 113 106 100
194 186 178 170 163 156 149 142 136 130 125 121 189 180 172 164 156 149 141 135 128 122 117 112 108 104 102 100 184 175 166 158 150 142 135 127 120 114 108 103 98 95 92 91 90 106 100 94 89 85 82 81 80 81 81 76 73 71 70 71 63 61 60 61 54 51 50 51 50 45 41 40 41 42 36 32 30 45 36 28 22 20 51 41 32 22 14 50 40 30 20 10 61 51 41 32 22 73 63 54 45 36 85 76 67 58 50 42 98 89 81 72 64 57 103 94 86 78 71 117 108 100 92 85 78 122 114 106 99 92 128 120 113 106
177 170 163 156 150 144 139 134 130 126 124 122 170 163 156 149 142 136 130 125 121 117 114 112 110 110 110 112 164 156 149 141 135 128 122 117 112 108 104 102 100 100 100 102 104 98 95 92 91 90 91 92 95 98 81 80 81 82 85 89 71 73 76 81 61 63 67 72 50 51 54 58 64 40 41 45 50 32 30 32 36 42 28 22 20 22 28 22 14 10 14 22 30 20 10 0 10 41 32 22 14 10 54 45 36 28 22 20 67 58 50 42 36 32 72 64 57 50 45 86 78 71 64 58 54 92 85 78 72 67 99 92 86 81
184 177 170 163 156 150 144 139 134 130 126 124 178 170 163 156 149 142 136 130 125 121 117 114 112 110 110 110 172 164 156 149 141 135 128 122 117 112 108 104 102 100 100 100 102 103 98 95 92 91 90 91 92 95 82 81 80 81 82 85 70 71 73 76 60 61 63 67 51 50 51 54 58 41 40 41 45 36 32 30 32 36 36 28 22 20 22 32 22 14 10 14 40 30 20 10 0 51 41 32 22 14 63 54 45 36 28 22 76 67 58 50 42 36 81 72 64 57 50 94 86 78 71 64 58 100 92 85 78 72 106 99 92 86
192 184 177 170 163 156 150 144 139 134 130 126 186 178 170 163 156 149 142 136 130 125 121 117 114 112 110 110 180 172 164 156 149 141 135 128 122 117 112 108 104 102 100 100 100 108 103 98 95 92 91 90 91 92 85 82 81 80 81 82 71 70 71 73 61 60 61 63 54 51 50 51 54 45 41 40 41 42 36 32 30 32 45 36 28 22 20 41 32 22 14 10 50 40 30 20 10 61 51 41 32 22 73 63 54 45 36 28 85 76 67 58 50 42 89 81 72 64 57 103 94 86 78 71 64 108 100 92 85 78 114 106 99 92
200 192 184 177 170 163 156 150 144 139 134 130 194 186 178 170 163 156 149 142 136 130 125 121 117 114 112 110 189 180 172 164 156 149 141 135 128 122 117 112 108 104 102 100 100 114 108 103 98 95 92 91 90 91 89 85 82 81 80 81 73 71 70 71 63 61 60 61 58 54 51 50 51 50 45 41 40 50 42 36 32 30 54 45 36 28 22 51 41 32 22 14 60 50 40 30 20 71 61 51 41 32 82 73 63 54 45 36 95 85 76 67 58 50 98 89 81 72 64 112 103 94 86 78 71 117 108 100 92 85 122 114 106 99
191 184 177 170 164 158 153 148 143 139 136 133 184 177 170 163 156 150 144 139 134 130 126 124 122 120 120 120 178 170 163 156 149 142 136 130 125 121 117 114 112 110 110 110 112 112 108 104 102 100 100 100 102 104 92 91 90 91 92 95 80 81 82 85 70 71 73 76 61 60 61 63 67 51 50 51 54 45 41 40 41 45 42 36 32 30 32 36 28 22 20 22 41 32 22 14 10 50 40 30 20 10 61 51 41 32 22 14 73 63 54 45 36 28 76 67 58 50 42 89 81 72 64 57 50 94 86 78 71 64 100 92 85 78
198 191 184 177 170 164 158 153 148 143 139 136 192 184 177 170 163 156 150 144 139 134 130 126 124 122 120 120 186 178 170 163 156 149 142 136 130 125 121 117 114 112 110 110 110 117 112 108 104 102 100 100 100 102 95 92 91 90 91 92 81 80 81 82 71 70 71 73 63 61 60 61 63 54 51 50 51 50 45 41 40 41 50 42 36 32 30 45 36 28 22 20 51 41 32 22 14 60 50 40 30 20 71 61 51 41 32 22 82 73 63 54 45 36 85 76 67 58 50 98 89 81 72 64 57 103 94 86 78 71 108 100 92 85
206 198 191 184 177 170 164 158 153 148 143 139 200 192 184 177 170 163 156 150 144 139 134 130 126 124 122 120 194 186 178 170 163 156 149 142 136 130 125 121 117 114 112 110 110 122 117 112 108 104 102 100 100 100 98 95 92 91 90 91 82 81 80 81 73 71 70 71 67 63 61 60 61 58 54 51 50 57 50 45 41 40 58 50 42 36 32 54 45 36 28 22 61 51 41 32 22 70 60 50 40 30 81 71 61 51 41 32 92 82 73 63 54 45 95 85 76 67 58 108 98 89 81 72 64 112 103 94 86 78 117 108 100 92
214 206 198 191 184 177 170 164 158 153 148 143 208 200 192 184 177 170 163 156 150 144 139 134 130 126 124 122 202 194 186 178 170 163 156 149 142 136 130 125 121 117 114 112 110 128 122 117 112 108 104 102 100 100 103 98 95 92 91 90 85 82 81 80 76 73 71 70 72 67 63 61 60 64 58 54 51 64 57 50 45 41 67 58 50 42 36 63 54 45 36 28 71 61 51 41 32 80 70 60 50 40 91 81 71 61 51 41 102 92 82 73 63 54 104 95 85 76 67 117 108 98 89 81 72 121 112 103 94 86 125 117 108 100
205 198 191 184 178 172 166 161 157 152 149 146 198 191 184 177 170 164 158 153 148 143 139 136 133 132 130 130 192 184 177 170 163 156 150 144 139 134 130 126 124 122 120 120 120 125 121 117 114 112 110 110 110 112 104 102 100 100 100 102 91 90 91 92 81 80 81 82 73 71 70 71 73 63 61 60 61 58 54 51 50 51 57 50 45 41 40 50 42 36 32 30 54 45 36 28 22 61 51 41 32 22 70 60 50 40 30 20 81 71 61 51 41 32 82 73 63 54 45 95 85 76 67 58 50 98 89 81 72 64 103 94 86 78
213 205 198 191 184 178 172 166 161 157 152 149 206 198 191 184 177 170 164 158 153 148 143 139 136 133 132 130 200 192 184 177 170 163 156 150 144 139 134 130 126 124 122 120 120 130 125 121 117 114 112 110 110 110 108 104 102 100 100 100 92 91 90 91 82 81 80 81 76 73 71 70 71 67 63 61 60 64 58 54 51 50 64 57 50 45 41 58 50 42 36 32 63 54 45 36 28 71 61 51 41 32 80 70 60 50 40 30 91 81 71 61 51 41 92 82 73 63 54 104 95 85 76 67 58 108 98 89 81 72 112 103 94 86
220 213 205 198 191 184 178 172 166 161 157 152 214 206 198 191 184 177 170 164 158 153 148 143 139 136 133 132 208 200 192 184 177 170 163 156 150 144 139 134 130 126 124 122 120 136 130 125 121 117 114 112 110 110 112 108 104 102 100 100 95 92 91 90 85 82 81 80 81 76 73 71 70 72 67 63 61 71 64 58 54 51 72 64 57 50 45 67 58 50 42 36 73 63 54 45 36 81 71 61 51 41 90 80 70 60 50 40 100 91 81 71 61 51 102 92 82 73 63 114 104 95 85 76 67 117 108 98 89 81 121 112 103 94
228 220 213 205 198 191 184 178 172 166 161 157 222 214 206 198 191 184 177 170 164 158 153 148 143 139 136 133 216 208 200 192 184 177 170 163 156 150 144 139 134 130 126 124 122 142 136 130 125 121 117 114 112 110 117 112 108 104 102 100 98 95 92 91 89 85 82 81 86 81 76 73 71 78 72 67 63 78 71 64 58 54 81 72 64 57 50 76 67 58 50 42 82 73 63 54 45 91 81 71 61 51 100 90 80 70 60 50 110 100 91 81 71 61 112 102 92 82 73 124 114 104 95 85 76 126 117 108 98 89 130 121 112 103
212 205 198 192 186 180 175 170 166 162 158 155 205 198 191 184 178 172 166 161 157 152 149 146 143 141 140 140 198 191 184 177 170 164 158 153 148 143 139 136 133 132 130 130 130 134 130 126 124 122 120 120 120 122 114 112 110 110 110 112 100 100 100 102 91 90 91 92 82 81 80 81 82 73 71 70 71 67 63 61 60 61 64 58 54 51 50 57 50 45 41 40 58 50 42 36 32 63 54 45 36 28 71 61 51 41 32 22 80 70 60 50 40 30 81 71 61 51 41 92 82 73 63 54 45 95 85 76 67 58 98 89 81 72
219 212 205 198 192 186 180 175 170 166 162 158 213 205 198 191 184 178 172 166 161 157 152 149 146 143 141 140 206 198 191 184 177 170 164 158 153 148 143 139 136 133 132 130 130 139 134 130 126 124 122 120 120 120 117 114 112 110 110 110 102 100 100 100 92 91 90 91 85 82 81 80 81 76 73 71 70 72 67 63 61 60 71 64 58 54 51 64 57 50 45 41 67 58 50 42 36 73 63 54 45 36 81 71 61 51 41 32 90 80 70 60 50 40 91 81 71 61 51 102 92 82 73 63 54 104 95 85 76 67 108 98 89 81
227 219 212 205 198 192 186 180 175 170 166 162 220 213 205 198 191 184 178 172 166 161 157 152 149 146 143 141 214 206 198 191 184 177 170 164 158 153 148 143 139 136 133 132 130 144 139 134 130 126 124 122 120 120 121 117 114 112 110 110 104 102 100 100 95 92 91 90 89 85 82 81 80 81 76 73 71 78 72 67 63 61 78 71 64 58 54 72 64 57 50 45 76 67 58 50 42 82 73 63 54 45 91 81 71 61 51 41 100 90 80 70 60 50 100 91 81 71 61 112 102 92 82 73 63 114 104 95 85 76 117 108 98 89
234 227 219 212 205 198 192 186 180 175 170 166 228 220 213 205 198 191 184 178 172 166 161 157 152 149 146 143 222 214 206 198 191 184 177 170 164 158 153 148 143 139 136 133 132 150 144 139 134 130 126 124 122 120 125 121 117 114 112 110 108 104 102 100 98 95 92 91 94 89 85 82 81 86 81 76 73 85 78 72 67 63 86 78 71 64 58 81 72 64 57 50 85 76 67 58 50 92 82 73 63 54 100 91 81 71 61 51 110 100 90 80 70 60 110 100 91 81 71 122 112 102 92 82 73 124 114 104 95 85 126 117 108 98
226 219 213 206 200 194 189 184 179 175 171 168 219 212 205 198 192 186 180 175 170 166 162 158 155 153 151 150 213 205 198 191 184 178 172 166 161 157 152 149 146 143 141 140 140 148 143 139 136 133 132 130 130 130 126 124 122 120 120 120 112 110 110 110 102 100 100 100 95 92 91 90 91 85 82 81 80 81 76 73 71 70 78 72 67 63 61 71 64 58 54 51 72 64 57 50 45 76 67 58 50 42 82 73 63 54 45 36 91 81 71 61 51 41 90 80 70 60 50 100 91 81 71 61 51 102 92 82 73 63 104 95 85 76
233 226 219 213 206 200 194 189 184 179 175 171 227 219 212 205 198 192 186 180 175 170 166 162 158 155 153 151 220 213 205 198 191 184 178 172 166 161 157 152 149 146 143 141 140 153 148 143 139 136 133 132 130 130 130 126 124 122 120 120 114 112 110 110 104 102 100 100 98 95 92 91 90 89 85 82 81 86 81 76 73 71 85 78 72 67 63 78 71 64 58 54 81 72 64 57 50 85 76 67 58 50 92 82 73 63 54 45 100 91 81 71 61 51 100 90 80 70 60 110 100 91 81 71 61 112 102 92 82 73 114 104 95 85
241 233 226 219 213 206 200 194 189 184 179 175 234 227 219 212 205 198 192 186 180 175 170 166 162 158 155 153 228 220 213 205 198 191 184 178 172 166 161 157 152 149 146 143 141 158 153 148 143 139 136 133 132 130 134 130 126 124 122 120 117 114 112 110 108 104 102 100 103 98 95 92 91 94 89 85 82 92 86 81 76 73 92 85 78 72 67 86 78 71 64 58 89 81 72 64 57 95 85 76 67 58 102 92 82 73 63 54 110 100 91 81 71 61 110 100 90 80 70 120 110 100 91 81 71 122 112 102 92 82 124 114 104 95
240 233 227 220 214 208 202 197 192 188 184 180 233 226 219 213 206 200 194 189 184 179 175 171 168 165 163 161 227 219 212 205 198 192 186 180 175 170 166 162 158 155 153 151 150 161 157 152 149 146 143 141 140 140 139 136 133 132 130 130 124 122 120 120 114 112 110 110 108 104 102 100 100 98 95 92 91 94 89 85 82 81 92 86 81 76 73 85 78 72 67 63 86 78 71 64 58 89 81 72 64 57 95 85 76 67 58 50 102 92 82 73 63 54 100 91 81 71 61 110 100 90 80 70 60 110 100 91 81 71 112 102 92 82
248 240 233 227 220 214 208 202 197 192 188 184 241 233 226 219 213 206 200 194 189 184 179 175 171 168 165 163 234 227 219 212 205 198 192 186 180 175 170 166 162 158 155 153 151 166 161 157 152 149 146 143 141 140 143 139 136 133 132 130 126 124 122 120 117 114 112 110 112 108 104 102 100 103 98 95 92 100 94 89 85 82 99 92 86 81 76 92 85 78 72 67 94 86 78 71 64 98 89 81 72 64 104 95 85 76 67 58 112 102 92 82 73 63 110 100 91 81 71 120 110 100 90 80 70 120 110 100 91 81 122 112 102 92
255 248 240 233 227 220 214 208 202 197 192 188 248 241 233 226 219 213 206 200 194 189 184 179 175 171 168 165 242 234 227 219 212 205 198 192 186 180 175 170 166 162 158 155 153 172 166 161 157 152 149 146 143 141 148 143 139 136 133 132 130 126 124 122 121 117 114 112 117 112 108 104 102 108 103 98 95 106 100 94 89 85 106 99 92 86 81 100 92 85 78 72 103 94 86 78 71 108 98 89 81 72 114 104 95 85 76 67 122 112 102 92 82 73 120 110 100 91 81 130 120 110 100 90 80 130 120 110 100 91 132 122 112 102
248 241 234 228 222 216 211 206 201 197 193 190 240 233 227 220 214 208 202 197 192 188 184 180 177 175 173 171 233 226 219 213 206 200 194 189 184 179 175 171 168 165 163 161 160 170 166 162 158 155 153 151 150 150 149 146 143 141 140 140 133 132 130 130 124 122 120 120 117 114 112 110 110 108 104 102 100 103 98 95 92 91 100 94 89 85 82 92 86 81 76 73 92 85 78 72 67 94 86 78 71 64 98 89 81 72 64 57 104 95 85 76 67 58 102 92 82 73 63 110 100 91 81 71 61 110 100 90 80 70 110 100 91 81
255 248 241 234 228 222 216 211 206 201 197 193 248 240 233 227 220 214 208 202 197 192 188 184 180 177 175 173 241 233 226 219 213 206 200 194 189 184 179 175 171 168 165 163 161 175 170 166 162 158 155 153 151 150 152 149 146 143 141 140 136 133 132 130 126 124 122 120 121 117 114 112 110 112 108 104 102 108 103 98 95 92 106 100 94 89 85 99 92 86 81 76 100 92 85 78 72 103 94 86 78 71 108 98 89 81 72 64 114 104 95 85 76 67 112 102 92 82 73 120 110 100 91 81 71 120 110 100 90 80 120 110 100 91
262 255 248 241 234 228 222 216 211 206 201 197 255 248 240 233 227 220 214 208 202 197 192 188 184 180 177 175 248 241 233 226 219 213 206 200 194 189 184 179 175 171 168 165 163 180 175 170 166 162 158 155 153 151 157 152 149 146 143 141 139 136 133 132 130 126 124 122 125 121 117 114 112 117 112 108 104 114 108 103 98 95 113 106 100 94 89 106 99 92 86 81 108 100 92 85 78 112 103 94 86 78 117 108 98 89 81 72 124 114 104 95 85 76 122 112 102 92 82 130 120 110 100 91 81 130 120 110 100 90 130 120 110 100
