64 136
3849 25731 11042 8813 25529 8307 13676 24414 4558 24718 15196 8509 25731 6382 20463 22591 1114 3241 25731 21882 9624 25731 19754 14182 25731 7800 5774 24009 20767 810 12562 25833 16715 17323 25731 8205 2431 23503 21780 12156 25731 16107 15297 25731 14385 23097 25731 6686 6179 25428 25731 6686 14284 25731 20767 303 1013 21780 25731 12258 506 20058 17830 1013
2142 7867 11057 11144 11057 7386 1574 481 3322 394 219 2972 9964 11013 11013 11056 11012 11012 6992 8259 11056 4020 2403 11012 11012 9920 3452 3015 3015 4370 3933 10313 10794 2927 1879 10182 11012 8084 2185 1136 8871 11012 5899 7341 11056 7778 1616 3059 11012 11012 2753 6773 11056 10575 1835 218 8346 11056 8303 9046 11012 10051 218 5943 11012 11012 2796 9046 11012 10051 1398 6030 11012 11012 9920 699 7210 11012 10881 9046 9046 9046 9963 11056 11012 11012 6992 393 7822 11056 11012 11012 11012 11012 3277 7385 11012 2447 2796 5069 5069 3233 6511 11056 9395 917 11056 11012 7079 1398 11056 10488 2185 6860 11056 7166 1879 10488 11056 4020 4064 11056 11012 3670 4981 11012 9133 9046 11012 5069 7210 11012 5069 4064 8740 2753
50 42 36 32 30 32 36 42 50 58 72 64 57 50 45 41 40 41 45 50 57 64 78 71 64 58 54 51 50 51 54 58 64 71 92 85 78 72 67 61 63 67 72 99 92 86 81 71 73 76 81 113 106 100 94 80 81 82 85 120 114 108 91 90 91 92 95 128 122 117 102 100 100 100 102 104 136 130 125 121 117 114 112 110 110 110 112 144 139 134 130 126 124 122 120 120 120 122 143 139 136 133 130 130 130 132 140 140 140 151 150 150 150 161 160 160 173 171 170 170 182 181 180 180 192 191 190 202 201 200 212 211 210 222 221 220
58 50 42 36 32 30 32 36 42 50 81 72 64 57 50 45 41 40 41 45 50 57 86 78 71 64 58 54 51 50 51 54 58 64 100 92 85 78 72 60 61 63 67 106 99 92 86 70 71 73 76 120 113 106 100 81 80 81 82 127 120 114 92 91 90 91 92 135 128 122 104 102 100 100 100 102 142 136 130 125 121 117 114 112 110 110 110 150 144 139 134 130 126 124 122 120 120 120 148 143 139 136 132 130 130 130 141 140 140 153 151 150 150 163 161 160 175 173 171 170 184 182 181 180 194 192 191 204 202 201 214 212 211 224 222 221
67 58 50 42 36 32 30 32 36 42 89 81 72 64 57 50 45 41 40 41 45 50 94 86 78 71 64 58 54 51 50 51 54 58 108 100 92 85 78 61 60 61 63 114 106 99 92 71 70 71 73 128 120 113 106 82 81 80 81 135 127 120 95 92 91 90 91 141 135 128 108 104 102 100 100 100 149 142 136 130 125 121 117 114 112 110 110 156 150 144 139 134 130 126 124 122 120 120 153 148 143 139 133 132 130 130 143 141 140 155 153 151 150 165 163 161 177 175 173 171 187 184 182 181 196 194 192 206 204 202 216 214 212 226 224 222
45 36 28 22 20 22 28 36 45 54 67 58 50 42 36 32 30 32 36 42 50 58 72 64 57 50 45 41 40 41 45 50 57 64 86 78 71 64 58 51 54 58 64 92 85 78 72 61 63 67 72 106 99 92 86 70 71 73 76 113 106 100 81 80 81 82 85 120 114 108 92 91 90 91 92 95 128 122 117 112 108 104 102 100 100 100 102 136 130 125 121 117 114 112 110 110 110 112 134 130 126 124 120 120 120 122 130 130 130 141 140 140 140 151 150 150 163 161 160 160 173 171 170 170 182 181 180 192 191 190 202 201 200 212 211 210
54 45 36 28 22 20 22 28 36 45 76 67 58 50 42 36 32 30 32 36 42 50 81 72 64 57 50 45 41 40 41 45 50 57 94 86 78 71 64 50 51 54 58 100 92 85 78 60 61 63 67 114 106 99 92 71 70 71 73 120 113 106 82 81 80 81 82 127 120 114 95 92 91 90 91 92 135 128 122 117 112 108 104 102 100 100 100 142 136 130 125 121 117 114 112 110 110 110 139 134 130 126 122 120 120 120 132 130 130 143 141 140 140 153 151 150 165 163 161 160 175 173 171 170 184 182 181 194 192 191 204 202 201 214 212 211
63 54 45 36 28 22 20 22 28 36 85 76 67 58 50 42 36 32 30 32 36 42 89 81 72 64 57 50 45 41 40 41 45 50 103 94 86 78 71 51 50 51 54 108 100 92 85 61 60 61 63 122 114 106 99 73 71 70 71 128 120 113 85 82 81 80 81 135 127 120 98 95 92 91 90 91 141 135 128 122 117 112 108 104 102 100 100 149 142 136 130 125 121 117 114 112 110 110 144 139 134 130 124 122 120 120 133 132 130 146 143 141 140 155 153 151 168 165 163 161 177 175 173 171 187 184 182 196 194 192 206 204 202 216 214 212
41 32 22 14 10 14 22 32 41 51 63 54 45 36 28 22 20 22 28 36 45 54 67 58 50 42 36 32 30 32 36 42 50 58 81 72 64 57 50 41 45 50 57 86 78 71 64 51 54 58 64 100 92 85 78 60 61 63 67 106 99 92 71 70 71 73 76 113 106 100 82 81 80 81 82 85 120 114 108 103 98 95 92 91 90 91 92 128 122 117 112 108 104 102 100 100 100 102 125 121 117 114 110 110 110 112 120 120 120 132 130 130 130 141 140 140 153 151 150 150 163 161 160 160 173 171 170 182 181 180 192 191 190 202 201 200
51 41 32 22 14 10 14 22 32 41 73 63 54 45 36 28 22 20 22 28 36 45 76 67 58 50 42 36 32 30 32 36 42 50 89 81 72 64 57 40 41 45 50 94 86 78 71 50 51 54 58 108 100 92 85 61 60 61 63 114 106 99 73 71 70 71 73 120 113 106 85 82 81 80 81 82 127 120 114 108 103 98 95 92 91 90 91 135 128 122 117 112 108 104 102 100 100 100 130 125 121 117 112 110 110 110 122 120 120 133 132 130 130 143 141 140 155 153 151 150 165 163 161 160 175 173 171 184 182 181 194 192 191 204 202 201
30 20 10 0 10 20 30 40 50 60 51 41 32 22 14 10 14 22 32 41 51 61 54 45 36 28 22 20 22 28 36 45 54 63 67 58 50 42 36 36 42 50 58 72 64 57 50 45 50 57 64 86 78 71 64 51 54 58 64 92 85 78 60 61 63 67 72 99 92 86 71 70 71 73 76 81 106 100 94 89 85 82 81 80 81 82 85 114 108 103 98 95 92 91 90 91 92 95 112 108 104 102 100 100 102 104 110 110 112 120 120 120 122 130 130 130 141 140 140 140 151 150 150 150 161 160 160 171 170 170 181 180 180 191 190 190
40 30 20 10 0 10 20 30 40 50 61 51 41 32 22 14 10 14 22 32 41 51 63 54 45 36 28 22 20 22 28 36 45 54 76 67 58 50 42 32 36 42 50 81 72 64 57 41 45 50 57 94 86 78 71 50 51 54 58 100 92 85 61 60 61 63 67 106 99 92 73 71 70 71 73 76 113 106 100 94 89 85 82 81 80 81 82 120 114 108 103 98 95 92 91 90 91 92 117 112 108 104 100 100 100 102 110 110 110 122 120 120 120 132 130 130 143 141 140 140 153 151 150 150 163 161 160 173 171 170 182 181 180 192 191 190
50 40 30 20 10 0 10 20 30 40 71 61 51 41 32 22 14 10 14 22 32 41 73 63 54 45 36 28 22 20 22 28 36 45 85 76 67 58 50 30 32 36 42 89 81 72 64 40 41 45 50 103 94 86 78 51 50 51 54 108 100 92 63 61 60 61 63 114 106 99 76 73 71 70 71 73 120 113 106 100 94 89 85 82 81 80 81 127 120 114 108 103 98 95 92 91 90 91 122 117 112 108 102 100 100 100 112 110 110 124 122 120 120 133 132 130 146 143 141 140 155 153 151 150 165 163 161 175 173 171 184 182 181 194 192 191
32 22 14 10 14 22 32 41 51 61 50 40 30 20 10 0 10 20 30 40 50 60 51 41 32 22 14 10 14 22 32 41 51 61 63 54 45 36 28 28 36 45 54 67 58 50 42 36 42 50 58 81 72 64 57 41 45 50 57 86 78 71 50 51 54 58 64 92 85 78 61 60 61 63 67 72 99 92 86 81 76 73 71 70 71 73 76 106 100 94 89 85 82 81 80 81 82 85 103 98 95 92 90 91 92 95 100 100 102 110 110 110 112 120 120 120 132 130 130 130 141 140 140 140 151 150 150 161 160 160 171 170 170 181 180 180
41 32 22 14 10 14 22 32 41 51 60 50 40 30 20 10 0 10 20 30 40 50 61 51 41 32 22 14 10 14 22 32 41 51 73 63 54 45 36 22 28 36 45 76 67 58 50 32 36 42 50 89 81 72 64 40 41 45 50 94 86 78 51 50 51 54 58 100 92 85 63 61 60 61 63 67 106 99 92 86 81 76 73 71 70 71 73 113 106 100 94 89 85 82 81 80 81 82 108 103 98 95 91 90 91 92 100 100 100 112 110 110 110 122 120 120 133 132 130 130 143 141 140 140 153 151 150 163 161 160 173 171 170 182 181 180
51 41 32 22 14 10 14 22 32 41 70 60 50 40 30 20 10 0 10 20 30 40 71 61 51 41 32 22 14 10 14 22 32 41 82 73 63 54 45 20 22 28 36 85 76 67 58 30 32 36 42 98 89 81 72 41 40 41 45 103 94 86 54 51 50 51 54 108 100 92 67 63 61 60 61 63 114 106 99 92 86 81 76 73 71 70 71 120 113 106 100 94 89 85 82 81 80 81 114 108 103 98 92 91 90 91 102 100 100 114 112 110 110 124 122 120 136 133 132 130 146 143 141 140 155 153 151 165 163 161 175 173 171 184 182 181
36 28 22 20 22 28 36 45 54 63 51 41 32 22 14 10 14 22 32 41 51 61 50 40 30 20 10 0 10 20 30 40 50 60 61 51 41 32 22 22 32 41 51 63 54 45 36 28 36 45 54 76 67 58 50 32 36 42 50 81 72 64 40 41 45 50 57 86 78 71 51 50 51 54 58 64 92 85 78 72 67 63 61 60 61 63 67 99 92 86 81 76 73 71 70 71 73 76 94 89 85 82 80 81 82 85 90 91 92 100 100 100 102 110 110 110 122 120 120 120 132 130 130 130 141 140 140 151 150 150 161 160 160 171 170 170
45 36 28 22 20 22 28 36 45 54 61 51 41 32 22 14 10 14 22 32 41 51 60 50 40 30 20 10 0 10 20 30 40 50 71 61 51 41 32 14 22 32 41 73 63 54 45 22 28 36 45 85 76 67 58 30 32 36 42 89 81 72 41 40 41 45 50 94 86 78 54 51 50 51 54 58 100 92 85 78 72 67 63 61 60 61 63 106 99 92 86 81 76 73 71 70 71 73 100 94 89 85 81 80 81 82 91 90 91 102 100 100 100 112 110 110 124 122 120 120 133 132 130 130 143 141 140 153 151 150 163 161 160 173 171 170
54 45 36 28 22 20 22 28 36 45 71 61 51 41 32 22 14 10 14 22 32 41 70 60 50 40 30 20 10 0 10 20 30 40 81 71 61 51 41 10 14 22 32 82 73 63 54 20 22 28 36 95 85 76 67 32 30 32 36 98 89 81 45 41 40 41 45 103 94 86 58 54 51 50 51 54 108 100 92 85 78 72 67 63 61 60 61 114 106 99 92 86 81 76 73 71 70 71 106 100 94 89 82 81 80 81 92 91 90 104 102 100 100 114 112 110 126 124 122 120 136 133 132 130 146 143 141 155 153 151 165 163 161 175 173 171
36 32 30 32 36 42 50 58 67 76 45 36 28 22 20 22 28 36 45 54 63 73 41 32 22 14 10 14 22 32 41 51 61 71 50 40 30 20 10 30 40 50 60 51 41 32 22 32 41 51 61 63 54 45 36 28 36 45 54 67 58 50 32 36 42 50 58 72 64 57 40 41 45 50 57 64 78 71 64 58 54 51 50 51 54 58 64 85 78 72 67 63 61 60 61 63 67 72 81 76 73 71 71 73 76 81 81 82 85 90 91 92 95 100 100 102 110 110 110 112 120 120 120 122 130 130 130 140 140 140 150 150 150 160 160 160
42 36 32 30 32 36 42 50 58 67 54 45 36 28 22 20 22 28 36 45 54 63 51 41 32 22 14 10 14 22 32 41 51 61 60 50 40 30 20 20 30 40 50 61 51 41 32 22 32 41 51 73 63 54 45 22 28 36 45 76 67 58 30 32 36 42 50 81 72 64 41 40 41 45 50 57 86 78 71 64 58 54 51 50 51 54 58 92 85 78 72 67 63 61 60 61 63 67 86 81 76 73 70 71 73 76 80 81 82 91 90 91 92 100 100 100 112 110 110 110 122 120 120 120 132 130 130 141 140 140 151 150 150 161 160 160
50 42 36 32 30 32 36 42 50 58 63 54 45 36 28 22 20 22 28 36 45 54 61 51 41 32 22 14 10 14 22 32 41 51 70 60 50 40 30 10 20 30 40 71 61 51 41 14 22 32 41 82 73 63 54 20 22 28 36 85 76 67 32 30 32 36 42 89 81 72 45 41 40 41 45 50 94 86 78 71 64 58 54 51 50 51 54 100 92 85 78 72 67 63 61 60 61 63 92 86 81 76 71 70 71 73 81 80 81 92 91 90 91 102 100 100 114 112 110 110 124 122 120 120 133 132 130 143 141 140 153 151 150 163 161 160
45 41 40 41 45 50 57 64 72 81 50 42 36 32 30 32 36 42 50 58 67 76 45 36 28 22 20 22 28 36 45 54 63 73 51 41 32 22 14 32 41 51 61 50 40 30 20 30 40 50 60 61 51 41 32 22 32 41 51 63 54 45 22 28 36 45 54 67 58 50 30 32 36 42 50 58 72 64 57 50 45 41 40 41 45 50 57 78 71 64 58 54 51 50 51 54 58 64 72 67 63 61 61 63 67 72 71 73 76 80 81 82 85 90 91 92 100 100 100 102 110 110 110 112 120 120 120 130 130 130 140 140 140 150 150 150
50 45 41 40 41 45 50 57 64 72 58 50 42 36 32 30 32 36 42 50 58 67 54 45 36 28 22 20 22 28 36 45 54 63 61 51 41 32 22 22 32 41 51 60 50 40 30 20 30 40 50 71 61 51 41 14 22 32 41 73 63 54 20 22 28 36 45 76 67 58 32 30 32 36 42 50 81 72 64 57 50 45 41 40 41 45 50 86 78 71 64 58 54 51 50 51 54 58 78 72 67 63 60 61 63 67 70 71 73 81 80 81 82 91 90 91 102 100 100 100 112 110 110 110 122 120 120 132 130 130 141 140 140 151 150 150
57 50 45 41 40 41 45 50 57 64 67 58 50 42 36 32 30 32 36 42 50 58 63 54 45 36 28 22 20 22 28 36 45 54 71 61 51 41 32 14 22 32 41 70 60 50 40 10 20 30 40 81 71 61 51 10 14 22 32 82 73 63 22 20 22 28 36 85 76 67 36 32 30 32 36 42 89 81 72 64 57 50 45 41 40 41 45 94 86 78 71 64 58 54 51 50 51 54 85 78 72 67 61 60 61 63 71 70 71 82 81 80 81 92 91 90 104 102 100 100 114 112 110 110 124 122 120 133 132 130 143 141 140 153 151 150
54 51 50 51 54 58 64 71 78 86 57 50 45 41 40 41 45 50 57 64 72 81 50 42 36 32 30 32 36 42 50 58 67 76 54 45 36 28 22 36 45 54 63 51 41 32 22 32 41 51 61 60 50 40 30 20 30 40 50 61 51 41 14 22 32 41 51 63 54 45 20 22 28 36 45 54 67 58 50 42 36 32 30 32 36 42 50 72 64 57 50 45 41 40 41 45 50 57 64 58 54 51 51 54 58 64 61 63 67 70 71 73 76 80 81 82 91 90 91 92 100 100 100 102 110 110 110 120 120 120 130 130 130 140 140 140
58 54 51 50 51 54 58 64 71 78 64 57 50 45 41 40 41 45 50 57 64 72 58 50 42 36 32 30 32 36 42 50 58 67 63 54 45 36 28 28 36 45 54 61 51 41 32 22 32 41 51 70 60 50 40 10 20 30 40 71 61 51 10 14 22 32 41 73 63 54 22 20 22 28 36 45 76 67 58 50 42 36 32 30 32 36 42 81 72 64 57 50 45 41 40 41 45 50 71 64 58 54 50 51 54 58 60 61 63 71 70 71 73 81 80 81 92 91 90 91 102 100 100 100 112 110 110 122 120 120 132 130 130 141 140 140
64 58 54 51 50 51 54 58 64 71 72 64 57 50 45 41 40 41 45 50 57 64 67 58 50 42 36 32 30 32 36 42 50 58 73 63 54 45 36 22 28 36 45 71 61 51 41 14 22 32 41 80 70 60 50 0 10 20 30 81 71 61 14 10 14 22 32 82 73 63 28 22 20 22 28 36 85 76 67 58 50 42 36 32 30 32 36 89 81 72 64 57 50 45 41 40 41 45 78 71 64 58 51 50 51 54 61 60 61 73 71 70 71 82 81 80 95 92 91 90 104 102 100 100 114 112 110 124 122 120 133 132 130 143 141 140
61 60 61 63 67 72 78 85 92 100 58 54 51 50 51 54 58 64 71 78 86 94 50 45 41 40 41 45 50 57 64 72 81 89 50 42 36 32 30 50 58 67 76 45 36 28 22 45 54 63 73 51 41 32 22 32 41 51 61 50 40 30 20 30 40 50 60 51 41 32 14 22 32 41 51 61 54 45 36 28 22 20 22 28 36 45 54 58 50 42 36 32 30 32 36 42 50 58 50 45 41 40 45 50 57 64 54 58 64 61 63 67 72 71 73 76 80 81 82 85 90 91 92 95 100 100 102 110 110 112 120 120 122 130 130 132
63 61 60 61 63 67 72 78 85 92 64 58 54 51 50 51 54 58 64 71 78 86 57 50 45 41 40 41 45 50 57 64 72 81 58 50 42 36 32 42 50 58 67 54 45 36 28 36 45 54 63 61 51 41 32 22 32 41 51 60 50 40 10 20 30 40 50 61 51 41 10 14 22 32 41 51 63 54 45 36 28 22 20 22 28 36 45 67 58 50 42 36 32 30 32 36 42 50 57 50 45 41 41 45 50 57 51 54 58 60 61 63 67 70 71 73 81 80 81 82 91 90 91 92 100 100 100 110 110 110 120 120 120 130 130 130
67 63 61 60 61 63 67 72 78 85 71 64 58 54 51 50 51 54 58 64 71 78 64 57 50 45 41 40 41 45 50 57 64 72 67 58 50 42 36 36 42 50 58 63 54 45 36 28 36 45 54 71 61 51 41 14 22 32 41 70 60 50 0 10 20 30 40 71 61 51 14 10 14 22 32 41 73 63 54 45 36 28 22 20 22 28 36 76 67 58 50 42 36 32 30 32 36 42 64 57 50 45 40 41 45 50 50 51 54 61 60 61 63 71 70 71 82 81 80 81 92 91 90 91 102 100 100 112 110 110 122 120 120 132 130 130
72 67 63 61 60 61 63 67 72 78 78 71 64 58 54 51 50 51 54 58 64 71 72 64 57 50 45 41 40 41 45 50 57 64 76 67 58 50 42 32 36 42 50 73 63 54 45 22 28 36 45 81 71 61 51 10 14 22 32 80 70 60 10 0 10 20 30 81 71 61 22 14 10 14 22 32 82 73 63 54 45 36 28 22 20 22 28 85 76 67 58 50 42 36 32 30 32 36 72 64 57 50 41 40 41 45 51 50 51 63 61 60 61 73 71 70 85 82 81 80 95 92 91 90 104 102 100 114 112 110 124 122 120 133 132 130
71 70 71 73 76 81 86 92 99 106 67 63 61 60 61 63 67 72 78 85 92 100 58 54 51 50 51 54 58 64 71 78 86 94 57 50 45 41 40 57 64 72 81 50 42 36 32 50 58 67 76 54 45 36 28 36 45 54 63 51 41 32 22 32 41 51 61 50 40 30 10 20 30 40 50 60 51 41 32 22 14 10 14 22 32 41 51 54 45 36 28 22 20 22 28 36 45 54 42 36 32 30 36 42 50 58 45 50 57 51 54 58 64 61 63 67 70 71 73 76 80 81 82 85 90 91 92 100 100 102 110 110 112 120 120 122
73 71 70 71 73 76 81 86 92 99 72 67 63 61 60 61 63 67 72 78 85 92 64 58 54 51 50 51 54 58 64 71 78 86 64 57 50 45 41 50 57 64 72 58 50 42 36 42 50 58 67 63 54 45 36 28 36 45 54 61 51 41 14 22 32 41 51 60 50 40 0 10 20 30 40 50 61 51 41 32 22 14 10 14 22 32 41 63 54 45 36 28 22 20 22 28 36 45 50 42 36 32 32 36 42 50 41 45 50 50 51 54 58 60 61 63 71 70 71 73 81 80 81 82 91 90 91 100 100 100 110 110 110 120 120 120
76 73 71 70 71 73 76 81 86 92 78 72 67 63 61 60 61 63 67 72 78 85 71 64 58 54 51 50 51 54 58 64 71 78 72 64 57 50 45 45 50 57 64 67 58 50 42 36 42 50 58 73 63 54 45 22 28 36 45 71 61 51 10 14 22 32 41 70 60 50 10 0 10 20 30 40 71 61 51 41 32 22 14 10 14 22 32 73 63 54 45 36 28 22 20 22 28 36 58 50 42 36 30 32 36 42 40 41 45 51 50 51 54 61 60 61 73 71 70 71 82 81 80 81 92 91 90 102 100 100 112 110 110 122 120 120
81 80 81 82 85 89 94 100 106 113 76 73 71 70 71 73 76 81 86 92 99 106 67 63 61 60 61 63 67 72 78 85 92 100 64 58 54 51 50 64 71 78 86 57 50 45 41 57 64 72 81 58 50 42 36 42 50 58 67 54 45 36 28 36 45 54 63 51 41 32 14 22 32 41 51 61 50 40 30 20 10 0 10 20 30 40 50 51 41 32 22 14 10 14 22 32 41 51 36 28 22 20 28 36 45 54 36 42 50 41 45 50 57 51 54 58 60 61 63 67 70 71 73 76 80 81 82 90 91 92 100 100 102 110 110 112
82 81 80 81 82 85 89 94 100 106 81 76 73 71 70 71 73 76 81 86 92 99 72 67 63 61 60 61 63 67 72 78 85 92 71 64 58 54 51 58 64 71 78 64 57 50 45 50 57 64 72 67 58 50 42 36 42 50 58 63 54 45 22 28 36 45 54 61 51 41 10 14 22 32 41 51 60 50 40 30 20 10 0 10 20 30 40 61 51 41 32 22 14 10 14 22 32 41 45 36 28 22 22 28 36 45 32 36 42 40 41 45 50 50 51 54 61 60 61 63 71 70 71 73 81 80 81 91 90 91 100 100 100 110 110 110
85 82 81 80 81 82 85 89 94 100 86 81 76 73 71 70 71 73 76 81 86 92 78 72 67 63 61 60 61 63 67 72 78 85 78 71 64 58 54 54 58 64 71 72 64 57 50 45 50 57 64 76 67 58 50 32 36 42 50 73 63 54 20 22 28 36 45 71 61 51 14 10 14 22 32 41 70 60 50 40 30 20 10 0 10 20 30 71 61 51 41 32 22 14 10 14 22 32 54 45 36 28 20 22 28 36 30 32 36 41 40 41 45 51 50 51 63 61 60 61 73 71 70 71 82 81 80 92 91 90 102 100 100 112 110 110
90 91 92 95 98 103 108 114 120 127 82 81 80 81 82 85 89 94 100 106 113 120 73 71 70 71 73 76 81 86 92 99 106 114 67 63 61 60 61 78 85 92 100 58 54 51 50 71 78 86 94 57 50 45 41 57 64 72 81 50 42 36 42 50 58 67 76 45 36 28 28 36 45 54 63 73 41 32 22 14 10 14 22 32 41 51 61 40 30 20 10 0 10 20 30 40 50 60 22 14 10 14 32 41 51 61 36 45 54 36 42 50 58 45 50 57 51 54 58 64 61 63 67 72 71 73 76 81 82 85 91 92 95 100 102 104
91 90 91 92 95 98 103 108 114 120 85 82 81 80 81 82 85 89 94 100 106 113 76 73 71 70 71 73 76 81 86 92 99 106 72 67 63 61 60 72 78 85 92 64 58 54 51 64 71 78 86 64 57 50 45 50 57 64 72 58 50 42 36 42 50 58 67 54 45 36 22 28 36 45 54 63 51 41 32 22 14 10 14 22 32 41 51 50 40 30 20 10 0 10 20 30 40 50 32 22 14 10 22 32 41 51 28 36 45 32 36 42 50 41 45 50 50 51 54 58 60 61 63 67 70 71 73 80 81 82 90 91 92 100 100 102
92 91 90 91 92 95 98 103 108 114 89 85 82 81 80 81 82 85 89 94 100 106 81 76 73 71 70 71 73 76 81 86 92 99 78 72 67 63 61 67 72 78 85 71 64 58 54 58 64 71 78 72 64 57 50 45 50 57 64 67 58 50 32 36 42 50 58 63 54 45 20 22 28 36 45 54 61 51 41 32 22 14 10 14 22 32 41 60 50 40 30 20 10 0 10 20 30 40 41 32 22 14 14 22 32 41 22 28 36 30 32 36 42 40 41 45 51 50 51 54 61 60 61 63 71 70 71 81 80 81 91 90 91 100 100 100
100 100 102 104 108 112 117 122 128 135 92 91 90 91 92 95 98 103 108 114 120 127 82 81 80 81 82 85 89 94 100 106 113 120 76 73 71 70 71 86 92 99 106 67 63 61 60 78 85 92 100 64 58 54 51 64 71 78 86 57 50 45 50 57 64 72 81 50 42 36 36 42 50 58 67 76 45 36 28 22 20 22 28 36 45 54 63 41 32 22 14 10 14 22 32 41 51 61 20 10 0 10 30 40 50 60 32 41 51 28 36 45 54 36 42 50 41 45 50 57 51 54 58 64 61 63 67 71 73 76 81 82 85 91 92 95
100 100 100 102 104 108 112 117 122 128 95 92 91 90 91 92 95 98 103 108 114 120 85 82 81 80 81 82 85 89 94 100 106 113 81 76 73 71 70 81 86 92 99 72 67 63 61 72 78 85 92 71 64 58 54 58 64 71 78 64 57 50 45 50 57 64 72 58 50 42 32 36 42 50 58 67 54 45 36 28 22 20 22 28 36 45 54 51 41 32 22 14 10 14 22 32 41 51 30 20 10 0 20 30 40 50 22 32 41 22 28 36 45 32 36 42 40 41 45 50 50 51 54 58 60 61 63 70 71 73 80 81 82 90 91 92
102 100 100 100 102 104 108 112 117 122 98 95 92 91 90 91 92 95 98 103 108 114 89 85 82 81 80 81 82 85 89 94 100 106 86 81 76 73 71 76 81 86 92 78 72 67 63 67 72 78 85 78 71 64 58 54 58 64 71 72 64 57 41 45 50 57 64 67 58 50 30 32 36 42 50 58 63 54 45 36 28 22 20 22 28 36 45 61 51 41 32 22 14 10 14 22 32 41 40 30 20 10 10 20 30 40 14 22 32 20 22 28 36 30 32 36 41 40 41 45 51 50 51 54 61 60 61 71 70 71 81 80 81 91 90 91
110 110 112 114 117 121 125 130 136 142 102 100 100 100 102 104 108 112 117 122 128 135 92 91 90 91 92 95 98 103 108 114 120 127 85 82 81 80 81 94 100 106 113 76 73 71 70 86 92 99 106 72 67 63 61 72 78 85 92 64 58 54 58 64 71 78 86 57 50 45 45 50 57 64 72 81 50 42 36 32 30 32 36 42 50 58 67 45 36 28 22 20 22 28 36 45 54 63 22 14 10 14 32 41 51 61 30 40 50 22 32 41 51 28 36 45 32 36 42 50 41 45 50 57 51 54 58 61 63 67 71 73 76 81 82 85
110 110 110 112 114 117 121 125 130 136 104 102 100 100 100 102 104 108 112 117 122 128 95 92 91 90 91 92 95 98 103 108 114 120 89 85 82 81 80 89 94 100 106 81 76 73 71 81 86 92 99 78 72 67 63 67 72 78 85 71 64 58 54 58 64 71 78 64 57 50 41 45 50 57 64 72 58 50 42 36 32 30 32 36 42 50 58 54 45 36 28 22 20 22 28 36 45 54 32 22 14 10 22 32 41 51 20 30 40 14 22 32 41 22 28 36 30 32 36 42 40 41 45 50 50 51 54 60 61 63 70 71 73 80 81 82
112 110 110 110 112 114 117 121 125 130 108 104 102 100 100 100 102 104 108 112 117 122 98 95 92 91 90 91 92 95 98 103 108 114 94 89 85 82 81 85 89 94 100 86 81 76 73 76 81 86 92 85 78 72 67 63 67 72 78 78 71 64 51 54 58 64 71 72 64 57 40 41 45 50 57 64 67 58 50 42 36 32 30 32 36 42 50 63 54 45 36 28 22 20 22 28 36 45 41 32 22 14 14 22 32 41 10 20 30 10 14 22 32 20 22 28 32 30 32 36 41 40 41 45 51 50 51 61 60 61 71 70 71 81 80 81
120 120 122 124 126 130 134 139 144 150 112 110 110 110 112 114 117 121 125 130 136 142 102 100 100 100 102 104 108 112 117 122 128 135 95 92 91 90 91 103 108 114 120 85 82 81 80 94 100 106 113 81 76 73 71 81 86 92 99 72 67 63 67 72 78 85 92 64 58 54 54 58 64 71 78 86 57 50 45 41 40 41 45 50 57 64 72 50 42 36 32 30 32 36 42 50 58 67 28 22 20 22 36 45 54 63 32 41 51 20 30 40 50 22 32 41 22 28 36 45 32 36 42 50 41 45 50 51 54 58 61 63 67 71 73 76
120 120 120 122 124 126 130 134 139 144 114 112 110 110 110 112 114 117 121 125 130 136 104 102 100 100 100 102 104 108 112 117 122 128 98 95 92 91 90 98 103 108 114 89 85 82 81 89 94 100 106 86 81 76 73 76 81 86 92 78 72 67 63 67 72 78 85 71 64 58 51 54 58 64 71 78 64 57 50 45 41 40 41 45 50 57 64 58 50 42 36 32 30 32 36 42 50 58 36 28 22 20 28 36 45 54 22 32 41 10 20 30 40 14 22 32 20 22 28 36 30 32 36 42 40 41 45 50 51 54 60 61 63 70 71 73
122 120 120 120 122 124 126 130 134 139 117 114 112 110 110 110 112 114 117 121 125 130 108 104 102 100 100 100 102 104 108 112 117 122 103 98 95 92 91 95 98 103 108 94 89 85 82 85 89 94 100 92 86 81 76 73 76 81 86 85 78 72 61 63 67 72 78 78 71 64 50 51 54 58 64 71 72 64 57 50 45 41 40 41 45 50 57 67 58 50 42 36 32 30 32 36 42 50 45 36 28 22 22 28 36 45 14 22 32 0 10 20 30 10 14 22 22 20 22 28 32 30 32 36 41 40 41 51 50 51 61 60 61 71 70 71
130 132 133 136 139 143 148 153 158 164 120 120 120 122 124 126 130 134 139 144 150 156 110 110 110 112 114 117 121 125 130 136 142 149 102 100 100 100 102 117 122 128 135 92 91 90 91 108 114 120 127 85 82 81 80 94 100 106 113 76 73 71 81 86 92 99 106 67 63 61 67 72 78 85 92 100 58 54 51 50 51 54 58 64 71 78 86 50 45 41 40 41 45 50 57 64 72 81 32 30 32 36 50 58 67 76 45 54 63 32 41 51 61 30 40 50 22 32 41 51 28 36 45 54 36 42 50 45 50 57 54 58 64 63 67 72
130 130 132 133 136 139 143 148 153 158 122 120 120 120 122 124 126 130 134 139 144 150 112 110 110 110 112 114 117 121 125 130 136 142 104 102 100 100 100 112 117 122 128 95 92 91 90 103 108 114 120 89 85 82 81 89 94 100 106 81 76 73 76 81 86 92 99 72 67 63 63 67 72 78 85 92 64 58 54 51 50 51 54 58 64 71 78 57 50 45 41 40 41 45 50 57 64 72 36 32 30 32 42 50 58 67 36 45 54 22 32 41 51 20 30 40 14 22 32 41 22 28 36 45 32 36 42 41 45 50 51 54 58 61 63 67
130 130 130 132 133 136 139 143 148 153 124 122 120 120 120 122 124 126 130 134 139 144 114 112 110 110 110 112 114 117 121 125 130 136 108 104 102 100 100 108 112 117 122 98 95 92 91 98 103 108 114 94 89 85 82 85 89 94 100 86 81 76 73 76 81 86 92 78 72 67 61 63 67 72 78 85 71 64 58 54 51 50 51 54 58 64 71 64 57 50 45 41 40 41 45 50 57 64 42 36 32 30 36 42 50 58 28 36 45 14 22 32 41 10 20 30 10 14 22 32 20 22 28 36 30 32 36 40 41 45 50 51 54 60 61 63
132 130 130 130 132 133 136 139 143 148 126 124 122 120 120 120 122 124 126 130 134 139 117 114 112 110 110 110 112 114 117 121 125 130 112 108 104 102 100 104 108 112 117 103 98 95 92 95 98 103 108 100 94 89 85 82 85 89 94 92 86 81 71 73 76 81 86 85 78 72 60 61 63 67 72 78 78 71 64 58 54 51 50 51 54 58 64 72 64 57 50 45 41 40 41 45 50 57 50 42 36 32 32 36 42 50 22 28 36 10 14 22 32 0 10 20 14 10 14 22 22 20 22 28 32 30 32 41 40 41 51 50 51 61 60 61
140 141 143 146 149 152 157 161 166 172 130 130 130 132 133 136 139 143 148 153 158 164 120 120 120 122 124 126 130 134 139 144 150 156 112 110 110 110 112 125 130 136 142 102 100 100 100 117 122 128 135 95 92 91 90 103 108 114 120 85 82 81 89 94 100 106 113 76 73 71 76 81 86 92 99 106 67 63 61 60 61 63 67 72 78 85 92 58 54 51 50 51 54 58 64 71 78 86 41 40 41 45 57 64 72 81 50 58 67 36 45 54 63 32 41 51 20 30 40 50 22 32 41 51 28 36 45 36 42 50 45 50 57 54 58 64
140 140 141 143 146 149 152 157 161 166 132 130 130 130 132 133 136 139 143 148 153 158 122 120 120 120 122 124 126 130 134 139 144 150 114 112 110 110 110 121 125 130 136 104 102 100 100 112 117 122 128 98 95 92 91 98 103 108 114 89 85 82 85 89 94 100 106 81 76 73 73 76 81 86 92 99 72 67 63 61 60 61 63 67 72 78 85 64 58 54 51 50 51 54 58 64 71 78 45 41 40 41 50 57 64 72 42 50 58 28 36 45 54 22 32 41 10 20 30 40 14 22 32 41 22 28 36 32 36 42 41 45 50 51 54 58
140 140 140 141 143 146 149 152 157 161 133 132 130 130 130 132 133 136 139 143 148 153 124 122 120 120 120 122 124 126 130 134 139 144 117 114 112 110 110 117 121 125 130 108 104 102 100 108 112 117 122 103 98 95 92 95 98 103 108 94 89 85 82 85 89 94 100 86 81 76 71 73 76 81 86 92 78 72 67 63 61 60 61 63 67 72 78 71 64 58 54 51 50 51 54 58 64 71 50 45 41 40 45 50 57 64 36 42 50 22 28 36 45 14 22 32 0 10 20 30 10 14 22 32 20 22 28 30 32 36 40 41 45 50 51 54
141 140 140 140 141 143 146 149 152 157 136 133 132 130 130 130 132 133 136 139 143 148 126 124 122 120 120 120 122 124 126 130 134 139 121 117 114 112 110 114 117 121 125 112 108 104 102 104 108 112 117 108 103 98 95 92 95 98 103 100 94 89 81 82 85 89 94 92 86 81 70 71 73 76 81 86 85 78 72 67 63 61 60 61 63 67 72 78 71 64 58 54 51 50 51 54 58 64 57 50 45 41 41 45 50 57 32 36 42 20 22 28 36 10 14 22 10 0 10 20 14 10 14 22 22 20 22 32 30 32 41 40 41 51 50 51
151 153 155 158 162 166 170 175 180 186 140 140 141 143 146 149 152 157 161 166 172 178 130 130 132 133 136 139 143 148 153 158 164 170 120 120 120 122 124 139 144 150 156 110 110 110 112 130 136 142 149 102 100 100 100 117 122 128 135 92 91 90 103 108 114 120 127 82 81 80 89 94 100 106 113 120 73 71 70 71 73 76 81 86 92 99 106 63 61 60 61 63 67 72 78 85 92 100 50 51 54 58 71 78 86 94 64 72 81 50 58 67 76 45 54 63 32 41 51 61 30 40 50 60 32 41 51 36 45 54 42 50 58 50 57 64
150 151 153 155 158 162 166 170 175 180 140 140 140 141 143 146 149 152 157 161 166 172 130 130 130 132 133 136 139 143 148 153 158 164 122 120 120 120 122 134 139 144 150 112 110 110 110 125 130 136 142 104 102 100 100 112 117 122 128 95 92 91 98 103 108 114 120 85 82 81 85 89 94 100 106 113 76 73 71 70 71 73 76 81 86 92 99 67 63 61 60 61 63 67 72 78 85 92 51 50 51 54 64 71 78 86 57 64 72 42 50 58 67 36 45 54 22 32 41 51 20 30 40 50 22 32 41 28 36 45 36 42 50 45 50 57
150 150 151 153 155 158 162 166 170 175 141 140 140 140 141 143 146 149 152 157 161 166 132 130 130 130 132 133 136 139 143 148 153 158 124 122 120 120 120 130 134 139 144 114 112 110 110 121 125 130 136 108 104 102 100 108 112 117 122 98 95 92 95 98 103 108 114 89 85 82 82 85 89 94 100 106 81 76 73 71 70 71 73 76 81 86 92 72 67 63 61 60 61 63 67 72 78 85 54 51 50 51 58 64 71 78 50 57 64 36 42 50 58 28 36 45 14 22 32 41 10 20 30 40 14 22 32 22 28 36 32 36 42 41 45 50
150 150 150 151 153 155 158 162 166 170 143 141 140 140 140 141 143 146 149 152 157 161 133 132 130 130 130 132 133 136 139 143 148 153 126 124 122 120 120 126 130 134 139 117 114 112 110 117 121 125 130 112 108 104 102 104 108 112 117 103 98 95 92 95 98 103 108 94 89 85 81 82 85 89 94 100 86 81 76 73 71 70 71 73 76 81 86 78 72 67 63 61 60 61 63 67 72 78 58 54 51 50 54 58 64 71 45 50 57 32 36 42 50 22 28 36 10 14 22 32 0 10 20 30 10 14 22 20 22 28 30 32 36 40 41 45
161 163 165 168 171 175 179 184 189 194 150 150 151 153 155 158 162 166 170 175 180 186 140 140 141 143 146 149 152 157 161 166 172 178 130 130 130 132 133 148 153 158 164 120 120 120 122 139 144 150 156 112 110 110 110 125 130 136 142 102 100 100 112 117 122 128 135 92 91 90 98 103 108 114 120 127 82 81 80 81 82 85 89 94 100 106 113 73 71 70 71 73 76 81 86 92 99 106 60 61 63 67 78 85 92 100 71 78 86 57 64 72 81 50 58 67 36 45 54 63 32 41 51 61 30 40 50 32 41 51 36 45 54 42 50 58
160 161 163 165 168 171 175 179 184 189 150 150 150 151 153 155 158 162 166 170 175 180 140 140 140 141 143 146 149 152 157 161 166 172 132 130 130 130 132 143 148 153 158 122 120 120 120 134 139 144 150 114 112 110 110 121 125 130 136 104 102 100 108 112 117 122 128 95 92 91 95 98 103 108 114 120 85 82 81 80 81 82 85 89 94 100 106 76 73 71 70 71 73 76 81 86 92 99 61 60 61 63 72 78 85 92 64 71 78 50 57 64 72 42 50 58 28 36 45 54 22 32 41 51 20 30 40 22 32 41 28 36 45 36 42 50
160 160 161 163 165 168 171 175 179 184 151 150 150 150 151 153 155 158 162 166 170 175 141 140 140 140 141 143 146 149 152 157 161 166 133 132 130 130 130 139 143 148 153 124 122 120 120 130 134 139 144 117 114 112 110 117 121 125 130 108 104 102 104 108 112 117 122 98 95 92 92 95 98 103 108 114 89 85 82 81 80 81 82 85 89 94 100 81 76 73 71 70 71 73 76 81 86 92 63 61 60 61 67 72 78 85 58 64 71 45 50 57 64 36 42 50 22 28 36 45 14 22 32 41 10 20 30 14 22 32 22 28 36 32 36 42
160 160 160 161 163 165 168 171 175 179 153 151 150 150 150 151 153 155 158 162 166 170 143 141 140 140 140 141 143 146 149 152 157 161 136 133 132 130 130 136 139 143 148 126 124 122 120 126 130 134 139 121 117 114 112 114 117 121 125 112 108 104 102 104 108 112 117 103 98 95 91 92 95 98 103 108 94 89 85 82 81 80 81 82 85 89 94 86 81 76 73 71 70 71 73 76 81 86 67 63 61 60 63 67 72 78 54 58 64 41 45 50 57 32 36 42 20 22 28 36 10 14 22 32 0 10 20 10 14 22 20 22 28 30 32 36
