120 75
2600 11645 3639 1508 6290 12009 7694 8734 208 10137 12009 4991 10917 572 3586 13099 6965 5926 13099 1091 2339 12268 11280 623 9980 13099 1091 8733 12839 2755 935 13255 13151 1091 4366 12579 10968 7329 13151 9824 259 8785 13099 5510 1663 12060 12995 3430 779 11696 13099 6965 13099 10968 1143 13099 8525 8785 13099 8681 467 10604 10864 935 1143 13151 13151 5562 8785 13099 10344 4418 4418 4418 4418 6705 8525 10136 13099 13099 5510 2131 8837 12735 13099 13099 13099 13099 12060 12008 13047 13099 13099 467 2547 4366 4366 4366 4366 8369 13099 13099 6601 13099 13099 2339 6653 13151 13151 6601 13099 13099 7017 13099 12683 12060 12268 5770 9304 3430
7901 15741 11790 11790 15741 15741 3950 15741 15741 15741 7901 15741 15741 15741 15741 15741 15741 7901 15741 15741 7901 15741 15741 15741 7901 15741 15741 15741 7901 15741 15741 15741 7901 15741 15741 15741 7901 15741 15741 15741 15741 15741 15741 15741 15741 15741 15741 15741 15741 11790 15741 15741 7901 11790 15741 15741 7901 3950 15741 15741 15741 7901 11790 15741 15741 15741 7901 3950 15741 15741 15741 3950 3950 15741 7901
32 41 51 30 40 50 60 32 41 51 61 36 45 54 42 50 58 50 57 64 72 58 64 71 78 67 72 78 85 76 81 86 92 85 89 94 100 95 98 103 104 108 112 114 117 121 124 126 130 133 136 139 143 143 146 149 152 151 153 155 158 162 161 163 165 168 171 170 171 173 175 177 180 181 182
22 32 41 20 30 40 50 22 32 41 51 28 36 45 36 42 50 45 50 57 64 54 58 64 71 63 67 72 78 73 76 81 86 82 85 89 94 92 95 98 102 104 108 112 114 117 122 124 126 132 133 136 139 141 143 146 149 150 151 153 155 158 160 161 163 165 168 170 170 171 173 175 180 180 181
61 51 41 60 50 40 30 61 51 41 32 63 54 45 67 58 50 72 64 57 50 78 71 64 58 85 78 72 67 92 86 81 76 100 94 89 85 108 103 98 117 112 108 125 121 117 134 130 126 143 139 136 133 152 149 146 143 166 162 158 155 153 175 171 168 165 163 188 184 180 177 175 197 193 190
71 61 51 70 60 50 40 71 61 51 41 73 63 54 76 67 58 81 72 64 57 86 78 71 64 92 85 78 72 99 92 86 81 106 100 94 89 114 108 103 122 117 112 130 125 121 139 134 130 148 143 139 136 157 152 149 146 170 166 162 158 155 179 175 171 168 165 192 188 184 180 177 201 197 193
36 45 54 32 41 51 61 30 40 50 60 32 41 51 36 45 54 42 50 58 67 50 57 64 72 58 64 71 78 67 72 78 85 76 81 86 92 85 89 94 95 98 103 104 108 112 114 117 121 124 126 130 134 133 136 139 143 141 143 146 149 152 151 153 155 158 162 160 161 163 165 168 170 171 173
28 36 45 22 32 41 51 20 30 40 50 22 32 41 28 36 45 36 42 50 58 45 50 57 64 54 58 64 71 63 67 72 78 73 76 81 86 82 85 89 92 95 98 102 104 108 112 114 117 122 124 126 130 132 133 136 139 140 141 143 146 149 150 151 153 155 158 160 160 161 163 165 170 170 171
63 54 45 61 51 41 32 60 50 40 30 61 51 41 63 54 45 67 58 50 42 72 64 57 50 78 71 64 58 85 78 72 67 92 86 81 76 100 94 89 108 103 98 117 112 108 125 121 117 134 130 126 124 143 139 136 133 157 152 149 146 143 166 162 158 155 153 179 175 171 168 165 188 184 180
73 63 54 71 61 51 41 70 60 50 40 71 61 51 73 63 54 76 67 58 50 81 72 64 57 86 78 71 64 92 85 78 72 99 92 86 81 106 100 94 114 108 103 122 117 112 130 125 121 139 134 130 126 148 143 139 136 161 157 152 149 146 170 166 162 158 155 184 179 175 171 168 192 188 184
50 58 67 45 54 63 73 41 51 61 71 40 50 60 41 51 61 45 54 63 73 50 58 67 76 57 64 72 81 64 71 78 86 72 78 85 92 81 86 92 89 94 100 98 103 108 108 112 117 117 121 125 130 126 130 134 139 133 136 139 143 148 143 146 149 152 157 151 153 155 158 162 161 163 165
42 50 58 36 45 54 63 32 41 51 61 30 40 50 32 41 51 36 45 54 63 42 50 58 67 50 57 64 72 58 64 71 78 67 72 78 85 76 81 86 85 89 94 95 98 103 104 108 112 114 117 121 125 124 126 130 134 132 133 136 139 143 141 143 146 149 152 150 151 153 155 158 160 161 163
36 42 50 28 36 45 54 22 32 41 51 20 30 40 22 32 41 28 36 45 54 36 42 50 58 45 50 57 64 54 58 64 71 63 67 72 78 73 76 81 82 85 89 92 95 98 102 104 108 112 114 117 121 122 124 126 130 130 132 133 136 139 140 141 143 146 149 150 150 151 153 155 160 160 161
67 58 50 63 54 45 36 61 51 41 32 60 50 40 61 51 41 63 54 45 36 67 58 50 42 72 64 57 50 78 71 64 58 85 78 72 67 92 86 81 100 94 89 108 103 98 117 112 108 125 121 117 114 134 130 126 124 148 143 139 136 133 157 152 149 146 143 170 166 162 158 155 179 175 171
76 67 58 73 63 54 45 71 61 51 41 70 60 50 71 61 51 73 63 54 45 76 67 58 50 81 72 64 57 86 78 71 64 92 85 78 72 99 92 86 106 100 94 114 108 103 122 117 112 130 125 121 117 139 134 130 126 153 148 143 139 136 161 157 152 149 146 175 170 166 162 158 184 179 175
85 76 67 82 73 63 54 81 71 61 51 80 70 60 81 71 61 82 73 63 54 85 76 67 58 89 81 72 64 94 86 78 71 100 92 85 78 106 99 92 113 106 100 120 114 108 128 122 117 136 130 125 121 144 139 134 130 158 153 148 143 139 166 161 157 152 149 180 175 170 166 162 189 184 179
57 64 72 50 58 67 76 45 54 63 73 41 51 61 40 50 60 41 51 61 71 45 54 63 73 50 58 67 76 57 64 72 81 64 71 78 86 72 78 85 81 86 92 89 94 100 98 103 108 108 112 117 122 117 121 125 130 124 126 130 134 139 133 136 139 143 148 141 143 146 149 152 151 153 155
50 57 64 42 50 58 67 36 45 54 63 32 41 51 30 40 50 32 41 51 61 36 45 54 63 42 50 58 67 50 57 64 72 58 64 71 78 67 72 78 76 81 86 85 89 94 95 98 103 104 108 112 117 114 117 121 125 122 124 126 130 134 132 133 136 139 143 140 141 143 146 149 150 151 153
45 50 57 36 42 50 58 28 36 45 54 22 32 41 20 30 40 22 32 41 51 28 36 45 54 36 42 50 58 45 50 57 64 54 58 64 71 63 67 72 73 76 81 82 85 89 92 95 98 102 104 108 112 112 114 117 121 120 122 124 126 130 130 132 133 136 139 140 140 141 143 146 150 150 151
72 64 57 67 58 50 42 63 54 45 36 61 51 41 60 50 40 61 51 41 32 63 54 45 36 67 58 50 42 72 64 57 50 78 71 64 58 85 78 72 92 86 81 100 94 89 108 103 98 117 112 108 104 125 121 117 114 139 134 130 126 124 148 143 139 136 133 161 157 152 149 146 170 166 162
81 72 64 76 67 58 50 73 63 54 45 71 61 51 70 60 50 71 61 51 41 73 63 54 45 76 67 58 50 81 72 64 57 86 78 71 64 92 85 78 99 92 86 106 100 94 114 108 103 122 117 112 108 130 125 121 117 144 139 134 130 126 153 148 143 139 136 166 161 157 152 149 175 170 166
89 81 72 85 76 67 58 82 73 63 54 81 71 61 80 70 60 81 71 61 51 82 73 63 54 85 76 67 58 89 81 72 64 94 86 78 71 100 92 85 106 99 92 113 106 100 120 114 108 128 122 117 112 136 130 125 121 150 144 139 134 130 158 153 148 143 139 172 166 161 157 152 180 175 170
71 78 86 64 72 81 89 58 67 76 85 54 63 73 51 61 71 50 60 70 80 51 61 71 81 54 63 73 82 58 67 76 85 64 72 81 89 71 78 86 78 85 92 86 92 99 94 100 106 103 108 114 120 112 117 122 128 117 121 125 130 136 126 130 134 139 144 133 136 139 143 148 143 146 149
64 71 78 57 64 72 81 50 58 67 76 45 54 63 41 51 61 40 50 60 70 41 51 61 71 45 54 63 73 50 58 67 76 57 64 72 81 64 71 78 72 78 85 81 86 92 89 94 100 98 103 108 114 108 112 117 122 114 117 121 125 130 124 126 130 134 139 132 133 136 139 143 141 143 146
58 64 71 50 57 64 72 42 50 58 67 36 45 54 32 41 51 30 40 50 60 32 41 51 61 36 45 54 63 42 50 58 67 50 57 64 72 58 64 71 67 72 78 76 81 86 85 89 94 95 98 103 108 104 108 112 117 112 114 117 121 125 122 124 126 130 134 130 132 133 136 139 140 141 143
54 58 64 45 50 57 64 36 42 50 58 28 36 45 22 32 41 20 30 40 50 22 32 41 51 28 36 45 54 36 42 50 58 45 50 57 64 54 58 64 63 67 72 73 76 81 82 85 89 92 95 98 103 102 104 108 112 110 112 114 117 121 120 122 124 126 130 130 130 132 133 136 140 140 141
78 71 64 72 64 57 50 67 58 50 42 63 54 45 61 51 41 60 50 40 30 61 51 41 32 63 54 45 36 67 58 50 42 72 64 57 50 78 71 64 85 78 72 92 86 81 100 94 89 108 103 98 95 117 112 108 104 130 125 121 117 114 139 134 130 126 124 153 148 143 139 136 161 157 152
86 78 71 81 72 64 57 76 67 58 50 73 63 54 71 61 51 70 60 50 40 71 61 51 41 73 63 54 45 76 67 58 50 81 72 64 57 86 78 71 92 85 78 99 92 86 106 100 94 114 108 103 98 122 117 112 108 136 130 125 121 117 144 139 134 130 126 158 153 148 143 139 166 161 157
94 86 78 89 81 72 64 85 76 67 58 82 73 63 81 71 61 80 70 60 50 81 71 61 51 82 73 63 54 85 76 67 58 89 81 72 64 94 86 78 100 92 85 106 99 92 113 106 100 120 114 108 103 128 122 117 112 142 136 130 125 121 150 144 139 134 130 164 158 153 148 143 172 166 161
78 85 92 71 78 86 94 64 72 81 89 58 67 76 54 63 73 51 61 71 81 50 60 70 80 51 61 71 81 54 63 73 82 58 67 76 85 64 72 81 71 78 86 78 85 92 86 92 99 94 100 106 113 103 108 114 120 108 112 117 122 128 117 121 125 130 136 124 126 130 134 139 133 136 139
72 78 85 64 71 78 86 57 64 72 81 50 58 67 45 54 63 41 51 61 71 40 50 60 70 41 51 61 71 45 54 63 73 50 58 67 76 57 64 72 64 71 78 72 78 85 81 86 92 89 94 100 106 98 103 108 114 104 108 112 117 122 114 117 121 125 130 122 124 126 130 134 132 133 136
67 72 78 58 64 71 78 50 57 64 72 42 50 58 36 45 54 32 41 51 61 30 40 50 60 32 41 51 61 36 45 54 63 42 50 58 67 50 57 64 58 64 71 67 72 78 76 81 86 85 89 94 100 95 98 103 108 102 104 108 112 117 112 114 117 121 125 120 122 124 126 130 130 132 133
78 72 67 71 64 58 54 64 57 50 45 58 50 42 54 45 36 51 41 32 22 50 40 30 20 51 41 32 22 54 45 36 28 58 50 42 36 64 57 50 71 64 58 78 72 67 86 81 76 94 89 85 82 103 98 95 92 117 112 108 104 102 125 121 117 114 112 139 134 130 126 124 148 143 139
85 78 72 78 71 64 58 72 64 57 50 67 58 50 63 54 45 61 51 41 32 60 50 40 30 61 51 41 32 63 54 45 36 67 58 50 42 72 64 57 78 71 64 85 78 72 92 86 81 100 94 89 85 108 103 98 95 122 117 112 108 104 130 125 121 117 114 144 139 134 130 126 153 148 143
92 85 78 86 78 71 64 81 72 64 57 76 67 58 73 63 54 71 61 51 41 70 60 50 40 71 61 51 41 73 63 54 45 76 67 58 50 81 72 64 86 78 71 92 85 78 99 92 86 106 100 94 89 114 108 103 98 128 122 117 112 108 136 130 125 121 117 150 144 139 134 130 158 153 148
100 92 85 94 86 78 71 89 81 72 64 85 76 67 82 73 63 81 71 61 51 80 70 60 50 81 71 61 51 82 73 63 54 85 76 67 58 89 81 72 94 86 78 100 92 85 106 99 92 113 106 100 94 120 114 108 103 135 128 122 117 112 142 136 130 125 121 156 150 144 139 134 164 158 153
92 99 106 85 92 100 108 78 86 94 103 72 81 89 67 76 85 63 73 82 92 61 71 81 91 60 70 80 90 61 71 81 91 63 73 82 92 67 76 85 72 81 89 78 86 94 85 92 100 92 99 106 114 100 106 113 120 103 108 114 120 127 112 117 122 128 135 117 121 125 130 136 126 130 134
86 92 99 78 85 92 100 71 78 86 94 64 72 81 58 67 76 54 63 73 82 51 61 71 81 50 60 70 80 51 61 71 81 54 63 73 82 58 67 76 64 72 81 71 78 86 78 85 92 86 92 99 106 94 100 106 113 98 103 108 114 120 108 112 117 122 128 114 117 121 125 130 124 126 130
81 86 92 72 78 85 92 64 71 78 86 57 64 72 50 58 67 45 54 63 73 41 51 61 71 40 50 60 70 41 51 61 71 45 54 63 73 50 58 67 57 64 72 64 71 78 72 78 85 81 86 92 99 89 94 100 106 95 98 103 108 114 104 108 112 117 122 112 114 117 121 125 122 124 126
86 81 76 78 72 67 63 71 64 58 54 64 57 50 58 50 42 54 45 36 28 51 41 32 22 50 40 30 20 51 41 32 22 54 45 36 28 58 50 42 64 57 50 71 64 58 78 72 67 86 81 76 73 94 89 85 82 108 103 98 95 92 117 112 108 104 102 130 125 121 117 114 139 134 130
92 86 81 85 78 72 67 78 71 64 58 72 64 57 67 58 50 63 54 45 36 61 51 41 32 60 50 40 30 61 51 41 32 63 54 45 36 67 58 50 72 64 57 78 71 64 85 78 72 92 86 81 76 100 94 89 85 114 108 103 98 95 122 117 112 108 104 136 130 125 121 117 144 139 134
99 92 86 92 85 78 72 86 78 71 64 81 72 64 76 67 58 73 63 54 45 71 61 51 41 70 60 50 40 71 61 51 41 73 63 54 45 76 67 58 81 72 64 86 78 71 92 85 78 99 92 86 81 106 100 94 89 120 114 108 103 98 128 122 117 112 108 142 136 130 125 121 150 144 139
106 99 92 100 92 85 78 94 86 78 71 89 81 72 85 76 67 82 73 63 54 81 71 61 51 80 70 60 50 81 71 61 51 82 73 63 54 85 76 67 89 81 72 94 86 78 100 92 85 106 99 92 86 113 106 100 94 127 120 114 108 103 135 128 122 117 112 149 142 136 130 125 156 150 144
100 106 113 92 99 106 114 85 92 100 108 78 86 94 72 81 89 67 76 85 95 63 73 82 92 61 71 81 91 60 70 80 90 61 71 81 91 63 73 82 67 76 85 72 81 89 78 86 94 85 92 100 108 92 99 106 114 94 100 106 113 120 103 108 114 120 127 108 112 117 122 128 117 121 125
94 100 106 86 92 99 106 78 85 92 100 71 78 86 64 72 81 58 67 76 85 54 63 73 82 51 61 71 81 50 60 70 80 51 61 71 81 54 63 73 58 67 76 64 72 81 71 78 86 78 85 92 100 86 92 99 106 89 94 100 106 113 98 103 108 114 120 104 108 112 117 122 114 117 121
89 94 100 81 86 92 99 72 78 85 92 64 71 78 57 64 72 50 58 67 76 45 54 63 73 41 51 61 71 40 50 60 70 41 51 61 71 45 54 63 50 58 67 57 64 72 64 71 78 72 78 85 92 81 86 92 99 85 89 94 100 106 95 98 103 108 114 102 104 108 112 117 112 114 117
89 85 82 81 76 73 71 72 67 63 61 64 58 54 57 50 45 50 42 36 32 45 36 28 22 41 32 22 14 40 30 20 10 41 32 22 14 45 36 28 50 42 36 57 50 45 64 58 54 72 67 63 61 81 76 73 71 94 89 85 82 81 103 98 95 92 91 117 112 108 104 102 125 121 117
94 89 85 86 81 76 73 78 72 67 63 71 64 58 64 57 50 58 50 42 36 54 45 36 28 51 41 32 22 50 40 30 20 51 41 32 22 54 45 36 58 50 42 64 57 50 71 64 58 78 72 67 63 86 81 76 73 100 94 89 85 82 108 103 98 95 92 122 117 112 108 104 130 125 121
100 94 89 92 86 81 76 85 78 72 67 78 71 64 72 64 57 67 58 50 42 63 54 45 36 61 51 41 32 60 50 40 30 61 51 41 32 63 54 45 67 58 50 72 64 57 78 71 64 85 78 72 67 92 86 81 76 106 100 94 89 85 114 108 103 98 95 128 122 117 112 108 136 130 125
106 100 94 99 92 86 81 92 85 78 72 86 78 71 81 72 64 76 67 58 50 73 63 54 45 71 61 51 41 70 60 50 40 71 61 51 41 73 63 54 76 67 58 81 72 64 86 78 71 92 85 78 72 99 92 86 81 113 106 100 94 89 120 114 108 103 98 135 128 122 117 112 142 136 130
114 120 127 106 113 120 128 99 106 114 122 92 100 108 86 94 103 81 89 98 108 76 85 95 104 73 82 92 102 71 81 91 100 70 80 90 100 71 81 91 73 82 92 76 85 95 81 89 98 86 94 103 112 92 100 108 117 92 99 106 114 122 100 106 113 120 128 103 108 114 120 127 112 117 122
108 114 120 100 106 113 120 92 99 106 114 85 92 100 78 86 94 72 81 89 98 67 76 85 95 63 73 82 92 61 71 81 91 60 70 80 90 61 71 81 63 73 82 67 76 85 72 81 89 78 86 94 103 85 92 100 108 86 92 99 106 114 94 100 106 113 120 98 103 108 114 120 108 112 117
103 108 114 94 100 106 113 86 92 99 106 78 85 92 71 78 86 64 72 81 89 58 67 76 85 54 63 73 82 51 61 71 81 50 60 70 80 51 61 71 54 63 73 58 67 76 64 72 81 71 78 86 94 78 85 92 100 81 86 92 99 106 89 94 100 106 113 95 98 103 108 114 104 108 112
98 95 92 89 85 82 81 81 76 73 71 72 67 63 64 58 54 57 50 45 41 50 42 36 32 45 36 28 22 41 32 22 14 40 30 20 10 41 32 22 45 36 28 50 42 36 57 50 45 64 58 54 51 72 67 63 61 86 81 76 73 71 94 89 85 82 81 108 103 98 95 92 117 112 108
103 98 95 94 89 85 82 86 81 76 73 78 72 67 71 64 58 64 57 50 45 58 50 42 36 54 45 36 28 51 41 32 22 50 40 30 20 51 41 32 54 45 36 58 50 42 64 57 50 71 64 58 54 78 72 67 63 92 86 81 76 73 100 94 89 85 82 114 108 103 98 95 122 117 112
108 103 98 100 94 89 85 92 86 81 76 85 78 72 78 71 64 72 64 57 50 67 58 50 42 63 54 45 36 61 51 41 32 60 50 40 30 61 51 41 63 54 45 67 58 50 72 64 57 78 71 64 58 85 78 72 67 99 92 86 81 76 106 100 94 89 85 120 114 108 103 98 128 122 117
122 128 135 114 120 127 135 106 113 120 128 99 106 114 92 100 108 86 94 103 112 81 89 98 108 76 85 95 104 73 82 92 102 71 81 91 100 70 80 90 71 81 91 73 82 92 76 85 95 81 89 98 108 86 94 103 112 85 92 100 108 117 92 99 106 114 122 94 100 106 113 120 103 108 114
117 122 128 108 114 120 127 100 106 113 120 92 99 106 85 92 100 78 86 94 103 72 81 89 98 67 76 85 95 63 73 82 92 61 71 81 91 60 70 80 61 71 81 63 73 82 67 76 85 72 81 89 98 78 86 94 103 78 85 92 100 108 86 92 99 106 114 89 94 100 106 113 98 103 108
112 117 122 103 108 114 120 94 100 106 113 86 92 99 78 85 92 71 78 86 94 64 72 81 89 58 67 76 85 54 63 73 82 51 61 71 81 50 60 70 51 61 71 54 63 73 58 67 76 64 72 81 89 71 78 86 94 72 78 85 92 100 81 86 92 99 106 85 89 94 100 106 95 98 103
108 104 102 98 95 92 91 89 85 82 81 81 76 73 72 67 63 64 58 54 51 57 50 45 41 50 42 36 32 45 36 28 22 41 32 22 14 40 30 20 41 32 22 45 36 28 50 42 36 57 50 45 41 64 58 54 51 78 72 67 63 61 86 81 76 73 71 100 94 89 85 82 108 103 98
112 108 104 103 98 95 92 94 89 85 82 86 81 76 78 72 67 71 64 58 54 64 57 50 45 58 50 42 36 54 45 36 28 51 41 32 22 50 40 30 51 41 32 54 45 36 58 50 42 64 57 50 45 71 64 58 54 85 78 72 67 63 92 86 81 76 73 106 100 94 89 85 114 108 103
117 112 108 108 103 98 95 100 94 89 85 92 86 81 85 78 72 78 71 64 58 72 64 57 50 67 58 50 42 63 54 45 36 61 51 41 32 60 50 40 61 51 41 63 54 45 67 58 50 72 64 57 50 78 71 64 58 92 85 78 72 67 99 92 86 81 76 113 106 100 94 89 120 114 108
130 136 142 122 128 135 141 114 120 127 135 106 113 120 99 106 114 92 100 108 117 86 94 103 112 81 89 98 108 76 85 95 104 73 82 92 102 71 81 91 70 80 90 71 81 91 73 82 92 76 85 95 104 81 89 98 108 78 86 94 103 112 85 92 100 108 117 86 92 99 106 114 94 100 106
125 130 136 117 122 128 135 108 114 120 127 100 106 113 92 99 106 85 92 100 108 78 86 94 103 72 81 89 98 67 76 85 95 63 73 82 92 61 71 81 60 70 80 61 71 81 63 73 82 67 76 85 95 72 81 89 98 71 78 86 94 103 78 85 92 100 108 81 86 92 99 106 89 94 100
121 125 130 112 117 122 128 103 108 114 120 94 100 106 86 92 99 78 85 92 100 71 78 86 94 64 72 81 89 58 67 76 85 54 63 73 82 51 61 71 50 60 70 51 61 71 54 63 73 58 67 76 85 64 72 81 89 64 71 78 86 94 72 78 85 92 100 76 81 86 92 99 85 89 94
117 121 125 108 112 117 122 98 103 108 114 89 94 100 81 86 92 72 78 85 92 64 71 78 86 57 64 72 81 50 58 67 76 45 54 63 73 41 51 61 40 50 60 41 51 61 45 54 63 50 58 67 76 57 64 72 81 58 64 71 78 86 67 72 78 85 92 73 76 81 86 92 82 85 89
114 112 110 104 102 100 100 95 92 91 90 85 82 81 76 73 71 67 63 61 60 58 54 51 50 50 45 41 40 42 36 32 30 36 28 22 20 32 22 14 30 20 10 32 22 14 36 28 22 42 36 32 30 50 45 41 40 64 58 54 51 50 72 67 63 61 60 86 81 76 73 71 94 89 85
117 114 112 108 104 102 100 98 95 92 91 89 85 82 81 76 73 72 67 63 61 64 58 54 51 57 50 45 41 50 42 36 32 45 36 28 22 41 32 22 40 30 20 41 32 22 45 36 28 50 42 36 32 57 50 45 41 71 64 58 54 51 78 72 67 63 61 92 86 81 76 73 100 94 89
121 117 114 112 108 104 102 103 98 95 92 94 89 85 86 81 76 78 72 67 63 71 64 58 54 64 57 50 45 58 50 42 36 54 45 36 28 51 41 32 50 40 30 51 41 32 54 45 36 58 50 42 36 64 57 50 45 78 71 64 58 54 85 78 72 67 63 99 92 86 81 76 106 100 94
125 121 117 117 112 108 104 108 103 98 95 100 94 89 92 86 81 85 78 72 67 78 71 64 58 72 64 57 50 67 58 50 42 63 54 45 36 61 51 41 60 50 40 61 51 41 63 54 45 67 58 50 42 72 64 57 50 86 78 71 64 58 92 85 78 72 67 106 99 92 86 81 113 106 100
134 139 144 125 130 136 142 117 122 128 135 108 114 120 100 106 113 92 99 106 114 85 92 100 108 78 86 94 103 72 81 89 98 67 76 85 95 63 73 82 61 71 81 60 70 80 61 71 81 63 73 82 92 67 76 85 95 64 72 81 89 98 71 78 86 94 103 72 78 85 92 100 81 86 92
130 134 139 121 125 130 136 112 117 122 128 103 108 114 94 100 106 86 92 99 106 78 85 92 100 71 78 86 94 64 72 81 89 58 67 76 85 54 63 73 51 61 71 50 60 70 51 61 71 54 63 73 82 58 67 76 85 57 64 72 81 89 64 71 78 86 94 67 72 78 85 92 76 81 86
126 130 134 117 121 125 130 108 112 117 122 98 103 108 89 94 100 81 86 92 99 72 78 85 92 64 71 78 86 57 64 72 81 50 58 67 76 45 54 63 41 51 61 40 50 60 41 51 61 45 54 63 73 50 58 67 76 50 57 64 72 81 58 64 71 78 86 63 67 72 78 85 73 76 81
124 126 130 114 117 121 125 104 108 112 117 95 98 103 85 89 94 76 81 86 92 67 72 78 85 58 64 71 78 50 57 64 72 42 50 58 67 36 45 54 32 41 51 30 40 50 32 41 51 36 45 54 63 42 50 58 67 45 50 57 64 72 54 58 64 71 78 61 63 67 72 78 71 73 76
122 124 126 112 114 117 121 102 104 108 112 92 95 98 82 85 89 73 76 81 86 63 67 72 78 54 58 64 71 45 50 57 64 36 42 50 58 28 36 45 22 32 41 20 30 40 22 32 41 28 36 45 54 36 42 50 58 41 45 50 57 64 51 54 58 64 71 60 61 63 67 72 70 71 73
120 122 124 110 112 114 117 100 102 104 108 91 92 95 81 82 85 71 73 76 81 61 63 67 72 51 54 58 64 41 45 50 57 32 36 42 50 22 28 36 14 22 32 10 20 30 14 22 32 22 28 36 45 32 36 42 50 40 41 45 50 57 50 51 54 58 64 61 60 61 63 67 71 70 71
120 120 122 110 110 112 114 100 100 102 104 90 91 92 80 81 82 70 71 73 76 60 61 63 67 50 51 54 58 40 41 45 50 30 32 36 42 20 22 28 10 14 22 0 10 20 10 14 22 20 22 28 36 30 32 36 42 41 40 41 45 50 51 50 51 54 58 63 61 60 61 63 73 71 70
120 120 120 110 110 110 112 100 100 100 102 91 90 91 81 80 81 71 70 71 73 61 60 61 63 51 50 51 54 41 40 41 45 32 30 32 36 22 20 22 14 10 14 10 0 10 14 10 14 22 20 22 28 32 30 32 36 45 41 40 41 45 54 51 50 51 54 67 63 61 60 61 76 73 71
122 120 120 112 110 110 110 102 100 100 100 92 91 90 82 81 80 73 71 70 71 63 61 60 61 54 51 50 51 45 41 40 41 36 32 30 32 28 22 20 22 14 10 20 10 0 22 14 10 28 22 20 22 36 32 30 32 50 45 41 40 41 58 54 51 50 51 72 67 63 61 60 81 76 73
124 122 120 114 112 110 110 104 102 100 100 95 92 91 85 82 81 76 73 71 70 67 63 61 60 58 54 51 50 50 45 41 40 42 36 32 30 36 28 22 32 22 14 30 20 10 32 22 14 36 28 22 20 42 36 32 30 57 50 45 41 40 64 58 54 51 50 78 72 67 63 61 86 81 76
126 124 122 117 114 112 110 108 104 102 100 98 95 92 89 85 82 81 76 73 71 72 67 63 61 64 58 54 51 57 50 45 41 50 42 36 32 45 36 28 41 32 22 40 30 20 41 32 22 45 36 28 22 50 42 36 32 64 57 50 45 41 71 64 58 54 51 85 78 72 67 63 92 86 81
130 126 124 121 117 114 112 112 108 104 102 103 98 95 94 89 85 86 81 76 73 78 72 67 63 71 64 58 54 64 57 50 45 58 50 42 36 54 45 36 51 41 32 50 40 30 51 41 32 54 45 36 28 58 50 42 36 72 64 57 50 45 78 71 64 58 54 92 85 78 72 67 99 92 86
134 130 126 125 121 117 114 117 112 108 104 108 103 98 100 94 89 92 86 81 76 85 78 72 67 78 71 64 58 72 64 57 50 67 58 50 42 63 54 45 61 51 41 60 50 40 61 51 41 63 54 45 36 67 58 50 42 81 72 64 57 50 86 78 71 64 58 100 92 85 78 72 106 99 92
143 148 153 134 139 144 150 125 130 136 142 117 122 128 108 114 120 100 106 113 120 92 99 106 114 85 92 100 108 78 86 94 103 72 81 89 98 67 76 85 63 73 82 61 71 81 60 70 80 61 71 81 91 63 73 82 92 58 67 76 85 95 64 72 81 89 98 64 71 78 86 94 72 78 85
139 143 148 130 134 139 144 121 125 130 136 112 117 122 103 108 114 94 100 106 113 86 92 99 106 78 85 92 100 71 78 86 94 64 72 81 89 58 67 76 54 63 73 51 61 71 50 60 70 51 61 71 81 54 63 73 82 50 58 67 76 85 57 64 72 81 89 58 64 71 78 86 67 72 78
136 139 143 126 130 134 139 117 121 125 130 108 112 117 98 103 108 89 94 100 106 81 86 92 99 72 78 85 92 64 71 78 86 57 64 72 81 50 58 67 45 54 63 41 51 61 40 50 60 41 51 61 71 45 54 63 73 42 50 58 67 76 50 57 64 72 81 54 58 64 71 78 63 67 72
133 136 139 124 126 130 134 114 117 121 125 104 108 112 95 98 103 85 89 94 100 76 81 86 92 67 72 78 85 58 64 71 78 50 57 64 72 42 50 58 36 45 54 32 41 51 30 40 50 32 41 51 61 36 45 54 63 36 42 50 58 67 45 50 57 64 72 51 54 58 64 71 61 63 67
132 133 136 122 124 126 130 112 114 117 121 102 104 108 92 95 98 82 85 89 94 73 76 81 86 63 67 72 78 54 58 64 71 45 50 57 64 36 42 50 28 36 45 22 32 41 20 30 40 22 32 41 51 28 36 45 54 32 36 42 50 58 41 45 50 57 64 50 51 54 58 64 60 61 63
130 132 133 120 122 124 126 110 112 114 117 100 102 104 91 92 95 81 82 85 89 71 73 76 81 61 63 67 72 51 54 58 64 41 45 50 57 32 36 42 22 28 36 14 22 32 10 20 30 14 22 32 41 22 28 36 45 30 32 36 42 50 40 41 45 50 57 51 50 51 54 58 61 60 61
130 130 132 120 120 122 124 110 110 112 114 100 100 102 90 91 92 80 81 82 85 70 71 73 76 60 61 63 67 50 51 54 58 40 41 45 50 30 32 36 20 22 28 10 14 22 0 10 20 10 14 22 32 20 22 28 36 32 30 32 36 42 41 40 41 45 50 54 51 50 51 54 63 61 60
130 130 130 120 120 120 122 110 110 110 112 100 100 100 91 90 91 81 80 81 82 71 70 71 73 61 60 61 63 51 50 51 54 41 40 41 45 32 30 32 22 20 22 14 10 14 10 0 10 14 10 14 22 22 20 22 28 36 32 30 32 36 45 41 40 41 45 58 54 51 50 51 67 63 61
132 130 130 122 120 120 120 112 110 110 110 102 100 100 92 91 90 82 81 80 81 73 71 70 71 63 61 60 61 54 51 50 51 45 41 40 41 36 32 30 28 22 20 22 14 10 20 10 0 22 14 10 14 28 22 20 22 42 36 32 30 32 50 45 41 40 41 64 58 54 51 50 72 67 63
133 132 130 124 122 120 120 114 112 110 110 104 102 100 95 92 91 85 82 81 80 76 73 71 70 67 63 61 60 58 54 51 50 50 45 41 40 42 36 32 36 28 22 32 22 14 30 20 10 32 22 14 10 36 28 22 20 50 42 36 32 30 57 50 45 41 40 71 64 58 54 51 78 72 67
136 133 132 126 124 122 120 117 114 112 110 108 104 102 98 95 92 89 85 82 81 81 76 73 71 72 67 63 61 64 58 54 51 57 50 45 41 50 42 36 45 36 28 41 32 22 40 30 20 41 32 22 14 45 36 28 22 58 50 42 36 32 64 57 50 45 41 78 71 64 58 54 85 78 72
139 136 133 130 126 124 122 121 117 114 112 112 108 104 103 98 95 94 89 85 82 86 81 76 73 78 72 67 63 71 64 58 54 64 57 50 45 58 50 42 54 45 36 51 41 32 50 40 30 51 41 32 22 54 45 36 28 67 58 50 42 36 72 64 57 50 45 86 78 71 64 58 92 85 78
143 139 136 134 130 126 124 125 121 117 114 117 112 108 108 103 98 100 94 89 85 92 86 81 76 85 78 72 67 78 71 64 58 72 64 57 50 67 58 50 63 54 45 61 51 41 60 50 40 61 51 41 32 63 54 45 36 76 67 58 50 42 81 72 64 57 50 94 86 78 71 64 100 92 85
146 149 152 136 139 143 148 126 130 134 139 117 121 125 108 112 117 98 103 108 114 89 94 100 106 81 86 92 99 72 78 85 92 64 71 78 86 57 64 72 50 58 67 45 54 63 41 51 61 40 50 60 70 41 51 61 71 36 45 54 63 73 42 50 58 67 76 45 50 57 64 72 54 58 64
143 146 149 133 136 139 143 124 126 130 134 114 117 121 104 108 112 95 98 103 108 85 89 94 100 76 81 86 92 67 72 78 85 58 64 71 78 50 57 64 42 50 58 36 45 54 32 41 51 30 40 50 60 32 41 51 61 28 36 45 54 63 36 42 50 58 67 41 45 50 57 64 51 54 58
141 143 146 132 133 136 139 122 124 126 130 112 114 117 102 104 108 92 95 98 103 82 85 89 94 73 76 81 86 63 67 72 78 54 58 64 71 45 50 57 36 42 50 28 36 45 22 32 41 20 30 40 50 22 32 41 51 22 28 36 45 54 32 36 42 50 58 40 41 45 50 57 50 51 54
140 141 143 130 132 133 136 120 122 124 126 110 112 114 100 102 104 91 92 95 98 81 82 85 89 71 73 76 81 61 63 67 72 51 54 58 64 41 45 50 32 36 42 22 28 36 14 22 32 10 20 30 40 14 22 32 41 20 22 28 36 45 30 32 36 42 50 41 40 41 45 50 51 50 51
140 140 141 130 130 132 133 120 120 122 124 110 110 112 100 100 102 90 91 92 95 80 81 82 85 70 71 73 76 60 61 63 67 50 51 54 58 40 41 45 30 32 36 20 22 28 10 14 22 0 10 20 30 10 14 22 32 22 20 22 28 36 32 30 32 36 42 45 41 40 41 45 54 51 50
143 141 140 133 132 130 130 124 122 120 120 114 112 110 104 102 100 95 92 91 90 85 82 81 80 76 73 71 70 67 63 61 60 58 54 51 50 50 45 41 42 36 32 36 28 22 32 22 14 30 20 10 0 32 22 14 10 45 36 28 22 20 50 42 36 32 30 64 57 50 45 41 71 64 58
146 143 141 136 133 132 130 126 124 122 120 117 114 112 108 104 102 98 95 92 91 89 85 82 81 81 76 73 71 72 67 63 61 64 58 54 51 57 50 45 50 42 36 45 36 28 41 32 22 40 30 20 10 41 32 22 14 54 45 36 28 22 58 50 42 36 32 72 64 57 50 45 78 71 64
149 146 143 139 136 133 132 130 126 124 122 121 117 114 112 108 104 103 98 95 92 94 89 85 82 86 81 76 73 78 72 67 63 71 64 58 54 64 57 50 58 50 42 54 45 36 51 41 32 50 40 30 20 51 41 32 22 63 54 45 36 28 67 58 50 42 36 81 72 64 57 50 86 78 71
153 151 150 143 141 140 140 133 132 130 130 124 122 120 114 112 110 104 102 100 100 95 92 91 90 85 82 81 80 76 73 71 70 67 63 61 60 58 54 51 50 45 41 42 36 32 36 28 22 32 22 14 10 30 20 10 0 41 32 22 14 10 45 36 28 22 20 58 50 42 36 32 64 57 50
155 153 151 146 143 141 140 136 133 132 130 126 124 122 117 114 112 108 104 102 100 98 95 92 91 89 85 82 81 81 76 73 71 72 67 63 61 64 58 54 57 50 45 50 42 36 45 36 28 41 32 22 14 40 30 20 10 51 41 32 22 14 54 45 36 28 22 67 58 50 42 36 72 64 57
158 155 153 149 146 143 141 139 136 133 132 130 126 124 121 117 114 112 108 104 102 103 98 95 92 94 89 85 82 86 81 76 73 78 72 67 63 71 64 58 64 57 50 58 50 42 54 45 36 51 41 32 22 50 40 30 20 61 51 41 32 22 63 54 45 36 28 76 67 58 50 42 81 72 64
162 158 155 152 149 146 143 143 139 136 133 134 130 126 125 121 117 117 112 108 104 108 103 98 95 100 94 89 85 92 86 81 76 85 78 72 67 78 71 64 72 64 57 67 58 50 63 54 45 61 51 41 32 60 50 40 30 71 61 51 41 32 73 63 54 45 36 85 76 67 58 50 89 81 72
163 161 160 153 151 150 150 143 141 140 140 133 132 130 124 122 120 114 112 110 110 104 102 100 100 95 92 91 90 85 82 81 80 76 73 71 70 67 63 61 58 54 51 50 45 41 42 36 32 36 28 22 20 32 22 14 10 40 30 20 10 0 41 32 22 14 10 54 45 36 28 22 58 50 42
165 163 161 155 153 151 150 146 143 141 140 136 133 132 126 124 122 117 114 112 110 108 104 102 100 98 95 92 91 89 85 82 81 81 76 73 71 72 67 63 64 58 54 57 50 45 50 42 36 45 36 28 22 41 32 22 14 50 40 30 20 10 51 41 32 22 14 63 54 45 36 28 67 58 50
168 165 163 158 155 153 151 149 146 143 141 139 136 133 130 126 124 121 117 114 112 112 108 104 102 103 98 95 92 94 89 85 82 86 81 76 73 78 72 67 71 64 58 64 57 50 58 50 42 54 45 36 28 51 41 32 22 60 50 40 30 20 61 51 41 32 22 73 63 54 45 36 76 67 58
173 171 170 163 161 160 160 153 151 150 150 143 141 140 133 132 130 124 122 120 120 114 112 110 110 104 102 100 100 95 92 91 90 85 82 81 80 76 73 71 67 63 61 58 54 51 50 45 41 42 36 32 30 36 28 22 20 41 32 22 14 10 40 30 20 10 0 51 41 32 22 14 54 45 36
175 173 171 165 163 161 160 155 153 151 150 146 143 141 136 133 132 126 124 122 120 117 114 112 110 108 104 102 100 98 95 92 91 89 85 82 81 81 76 73 72 67 63 64 58 54 57 50 45 50 42 36 32 45 36 28 22 51 41 32 22 14 50 40 30 20 10 61 51 41 32 22 63 54 45
177 175 173 168 165 163 161 158 155 153 151 149 146 143 139 136 133 130 126 124 122 121 117 114 112 112 108 104 102 103 98 95 92 94 89 85 82 86 81 76 78 72 67 71 64 58 64 57 50 58 50 42 36 54 45 36 28 61 51 41 32 22 60 50 40 30 20 71 61 51 41 32 73 63 54
182 181 180 173 171 170 170 163 161 160 160 153 151 150 143 141 140 133 132 130 130 124 122 120 120 114 112 110 110 104 102 100 100 95 92 91 90 85 82 81 76 73 71 67 63 61 58 54 51 50 45 41 40 42 36 32 30 45 36 28 22 20 41 32 22 14 10 50 40 30 20 10 51 41 32
184 182 181 175 173 171 170 165 163 161 160 155 153 151 146 143 141 136 133 132 130 126 124 122 120 117 114 112 110 108 104 102 100 98 95 92 91 89 85 82 81 76 73 72 67 63 64 58 54 57 50 45 41 50 42 36 32 54 45 36 28 22 51 41 32 22 14 60 50 40 30 20 61 51 41
187 184 182 177 175 173 171 168 165 163 161 158 155 153 149 146 143 139 136 133 132 130 126 124 122 121 117 114 112 112 108 104 102 103 98 95 92 94 89 85 86 81 76 78 72 67 71 64 58 64 57 50 45 58 50 42 36 63 54 45 36 28 61 51 41 32 22 70 60 50 40 30 71 61 51
192 191 190 182 181 180 180 173 171 170 170 163 161 160 153 151 150 143 141 140 140 133 132 130 130 124 122 120 120 114 112 110 110 104 102 100 100 95 92 91 85 82 81 76 73 71 67 63 61 58 54 51 50 50 45 41 40 50 42 36 32 30 45 36 28 22 20 51 41 32 22 14 50 40 30
194 192 191 184 182 181 180 175 173 171 170 165 163 161 155 153 151 146 143 141 140 136 133 132 130 126 124 122 120 117 114 112 110 108 104 102 100 98 95 92 89 85 82 81 76 73 72 67 63 64 58 54 51 57 50 45 41 58 50 42 36 32 54 45 36 28 22 61 51 41 32 22 60 50 40
196 194 192 187 184 182 181 177 175 173 171 168 165 163 158 155 153 149 146 143 141 139 136 133 132 130 126 124 122 121 117 114 112 112 108 104 102 103 98 95 94 89 85 86 81 76 78 72 67 71 64 58 54 64 57 50 45 67 58 50 42 36 63 54 45 36 28 71 61 51 41 32 70 60 50
202 201 200 192 191 190 190 182 181 180 180 173 171 170 163 161 160 153 151 150 150 143 141 140 140 133 132 130 130 124 122 120 120 114 112 110 110 104 102 100 95 92 91 85 82 81 76 73 71 67 63 61 60 58 54 51 50 57 50 45 41 40 50 42 36 32 30 54 45 36 28 22 51 41 32
204 202 201 194 192 191 190 184 182 181 180 175 173 171 165 163 161 155 153 151 150 146 143 141 140 136 133 132 130 126 124 122 120 117 114 112 110 108 104 102 98 95 92 89 85 82 81 76 73 72 67 63 61 64 58 54 51 64 57 50 45 41 58 50 42 36 32 63 54 45 36 28 61 51 41
