116 169
4551 10024 8616 8182 3251 1950 12029 13763 13763 13763 13763 13059 10729 10729 10729 10729 10729 10729 10729 10729 9212 2817 3630 6177 3901 6177 8832 12300 13763 12192 13763 13763 13763 13547 12409 13763 13763 7586 921 3576 758 3630 3630 3630 3197 1137 12788 13763 5744 4497 13709 11325 975 1192 12625 13818 4497 6990 13763 12896 2384 3197 13493 13763 3359 7207 13763 10133 270 487 11108 13438 3142 6827 13763 9862 4064 13601 13005 3088 1029 11975 13763 8995 162 11000 13763 11867 1896 2059 13763 13763 4172 1679 12138 13763 6231 54 7207 13763 13763 2817 3305 13113 13763 13763 2817 6556 13763 13763 11867 2167 6556 13763 11217 975
2050 101 1412 3965 6485 3965 3965 2050 471 6015 8233 7930 8132 8535 8535 8535 8535 8233 7897 2823 5073 8534 8534 8534 7157 6451 5980 5980 6048 8534 8534 8097 1545 1444 7896 8534 7593 2150 940 403 67 4300 8467 8568 5812 571 1881 8534 8501 3595 4502 8400 8534 2520 2116 8534 5308 7425 8534 5275 6518 8534 3460 5040 8534 7157 1142 7392 8030 1948 2822 8534 7157 4233 8534 5745 2822 8534 7157 7190 8030 2016 2822 8534 7157 7190 6686 2822 8534 7157 369 7358 6686 2822 8534 7157 3292 8534 6686 5443 8534 7022 3292 8534 6686 1713 7997 8534 2520 3292 8534 6686 1713 5544 8534 6552 134 2217 8097 6686 100 5611 8534 7627 1848 7190 7157 672 1545 5107 6787 8534 8534 2116 7190 8534 6854 6048 6048 6048 6048 6048 7896 8534 8534 7862 5241 336 2721 6888 8534 8534 8534 8534 8534 8534 8534 8467 7862 4032 873 7056 8534 8534 8534 8534 8534 5140 3494
58 67 76 85 95 104 114 124 36 45 54 63 73 82 92 102 112 122 132 141 32 41 51 61 71 81 91 100 110 120 130 140 150 20 30 40 50 60 70 80 110 120 130 140 150 160 22 32 41 51 130 140 150 160 28 36 45 141 151 161 36 42 50 143 153 163 41 45 50 57 146 155 165 51 54 58 149 158 168 61 63 67 152 162 171 71 73 157 166 175 80 81 82 161 170 179 90 91 92 166 175 184 100 100 102 164 172 180 189 110 110 112 163 170 178 186 194 120 120 122 163 170 177 184 192 130 132 133 158 164 170 177 184 191 140 141 143 146 149 152 157 161 166 172 178 184 191 198 150 151 153 155 158 162 166 170 175 180 186 192 161 163 165 168 171 175 179 184 189
50 58 67 76 85 95 104 114 28 36 45 54 63 73 82 92 102 112 122 132 22 32 41 51 61 71 81 91 100 110 120 130 140 10 20 30 40 50 60 70 100 110 120 130 140 150 14 22 32 41 120 130 140 150 22 28 36 132 141 151 32 36 42 133 143 153 40 41 45 50 136 146 155 50 51 54 139 149 158 60 61 63 143 152 162 70 71 148 157 166 81 80 81 153 161 170 91 90 91 158 166 175 100 100 100 156 164 172 180 110 110 110 156 163 170 178 186 120 120 120 156 163 170 177 184 130 130 132 153 158 164 170 177 184 140 140 141 143 146 149 152 157 161 166 172 178 184 191 150 150 151 153 155 158 162 166 170 175 180 186 160 161 163 165 168 171 175 179 184
42 50 58 67 76 85 95 104 22 28 36 45 54 63 73 82 92 102 112 122 14 22 32 41 51 61 71 81 91 100 110 120 130 0 10 20 30 40 50 60 90 100 110 120 130 140 10 14 22 32 110 120 130 140 20 22 28 122 132 141 30 32 36 124 133 143 41 40 41 45 126 136 146 51 50 51 130 139 149 61 60 61 134 143 152 71 70 139 148 157 82 81 80 144 153 161 92 91 90 150 158 166 102 100 100 149 156 164 172 112 110 110 149 156 163 170 178 122 120 120 150 156 163 170 177 130 130 130 148 153 158 164 170 177 140 140 140 141 143 146 149 152 157 161 166 172 178 184 150 150 150 151 153 155 158 162 166 170 175 180 160 160 161 163 165 168 171 175 179
36 42 50 58 67 76 85 95 20 22 28 36 45 54 63 73 82 92 102 112 10 14 22 32 41 51 61 71 81 91 100 110 120 10 0 10 20 30 40 50 80 90 100 110 120 130 14 10 14 22 100 110 120 130 22 20 22 112 122 132 32 30 32 114 124 133 45 41 40 41 117 126 136 54 51 50 121 130 139 63 61 60 125 134 143 73 71 130 139 148 85 82 81 136 144 153 95 92 91 142 150 158 104 102 100 141 149 156 164 114 112 110 142 149 156 163 170 124 122 120 144 150 156 163 170 132 130 130 143 148 153 158 164 170 141 140 140 140 141 143 146 149 152 157 161 166 172 178 151 150 150 150 151 153 155 158 162 166 170 175 160 160 160 161 163 165 168 171 175
32 36 42 50 58 67 76 85 22 20 22 28 36 45 54 63 73 82 92 102 14 10 14 22 32 41 51 61 71 81 91 100 110 20 10 0 10 20 30 40 70 80 90 100 110 120 22 14 10 14 91 100 110 120 28 22 20 102 112 122 36 32 30 104 114 124 50 45 41 40 108 117 126 58 54 51 112 121 130 67 63 61 117 125 134 76 73 122 130 139 89 85 82 128 136 144 98 95 92 135 142 150 108 104 102 135 141 149 156 117 114 112 136 142 149 156 163 126 124 122 139 144 150 156 163 133 132 130 139 143 148 153 158 164 143 141 140 140 140 141 143 146 149 152 157 161 166 172 153 151 150 150 150 151 153 155 158 162 166 170 161 160 160 160 161 163 165 168 171
30 32 36 42 50 58 67 76 28 22 20 22 28 36 45 54 63 73 82 92 22 14 10 14 22 32 41 51 61 71 81 91 100 30 20 10 0 10 20 30 60 70 80 90 100 110 32 22 14 10 81 91 100 110 36 28 22 92 102 112 42 36 32 95 104 114 57 50 45 41 98 108 117 64 58 54 103 112 121 72 67 63 108 117 125 81 76 114 122 130 94 89 85 120 128 136 103 98 95 127 135 142 112 108 104 128 135 141 149 121 117 114 130 136 142 149 156 130 126 124 134 139 144 150 156 136 133 132 136 139 143 148 153 158 146 143 141 140 140 140 141 143 146 149 152 157 161 166 155 153 151 150 150 150 151 153 155 158 162 166 163 161 160 160 160 161 163 165 168
64 72 81 89 98 108 117 126 42 50 58 67 76 85 95 104 114 124 133 143 36 45 54 63 73 82 92 102 112 122 132 141 151 22 32 41 51 61 71 81 110 120 130 140 150 160 20 30 40 50 130 140 150 160 22 32 41 140 150 160 28 36 45 141 151 161 32 36 42 50 143 153 163 41 45 50 146 155 165 51 54 58 149 158 168 61 63 152 162 171 70 71 73 157 166 175 80 81 82 161 170 179 90 91 92 158 166 175 184 100 100 102 156 164 172 180 189 110 110 112 156 163 170 178 186 120 122 124 150 156 163 170 177 184 130 132 133 136 139 143 148 153 158 164 170 177 184 191 140 141 143 146 149 152 157 161 166 172 178 184 151 153 155 158 162 166 170 175 180
57 64 72 81 89 98 108 117 36 42 50 58 67 76 85 95 104 114 124 133 28 36 45 54 63 73 82 92 102 112 122 132 141 14 22 32 41 51 61 71 100 110 120 130 140 150 10 20 30 40 120 130 140 150 14 22 32 130 140 150 22 28 36 132 141 151 30 32 36 42 133 143 153 40 41 45 136 146 155 50 51 54 139 149 158 60 61 143 152 162 71 70 71 148 157 166 81 80 81 153 161 170 91 90 91 150 158 166 175 100 100 100 149 156 164 172 180 110 110 110 149 156 163 170 178 120 120 122 144 150 156 163 170 177 130 130 132 133 136 139 143 148 153 158 164 170 177 184 140 140 141 143 146 149 152 157 161 166 172 178 150 151 153 155 158 162 166 170 175
50 57 64 72 81 89 98 108 32 36 42 50 58 67 76 85 95 104 114 124 22 28 36 45 54 63 73 82 92 102 112 122 132 10 14 22 32 41 51 61 91 100 110 120 130 140 0 10 20 30 110 120 130 140 10 14 22 120 130 140 20 22 28 122 132 141 32 30 32 36 124 133 143 41 40 41 126 136 146 51 50 51 130 139 149 61 60 134 143 152 73 71 70 139 148 157 82 81 80 144 153 161 92 91 90 142 150 158 166 102 100 100 141 149 156 164 172 112 110 110 142 149 156 163 170 120 120 120 139 144 150 156 163 170 130 130 130 132 133 136 139 143 148 153 158 164 170 177 140 140 140 141 143 146 149 152 157 161 166 172 150 150 151 153 155 158 162 166 170
45 50 57 64 72 81 89 98 30 32 36 42 50 58 67 76 85 95 104 114 20 22 28 36 45 54 63 73 82 92 102 112 122 14 10 14 22 32 41 51 81 91 100 110 120 130 10 0 10 20 100 110 120 130 14 10 14 110 120 130 22 20 22 112 122 132 36 32 30 32 114 124 133 45 41 40 117 126 136 54 51 50 121 130 139 63 61 125 134 143 76 73 71 130 139 148 85 82 81 136 144 153 95 92 91 135 142 150 158 104 102 100 135 141 149 156 164 114 112 110 136 142 149 156 163 122 120 120 134 139 144 150 156 163 132 130 130 130 132 133 136 139 143 148 153 158 164 170 141 140 140 140 141 143 146 149 152 157 161 166 150 150 150 151 153 155 158 162 166
41 45 50 57 64 72 81 89 32 30 32 36 42 50 58 67 76 85 95 104 22 20 22 28 36 45 54 63 73 82 92 102 112 22 14 10 14 22 32 41 71 81 91 100 110 120 20 10 0 10 90 100 110 120 22 14 10 100 110 120 28 22 20 102 112 122 42 36 32 30 104 114 124 50 45 41 108 117 126 58 54 51 112 121 130 67 63 117 125 134 81 76 73 122 130 139 89 85 82 128 136 144 98 95 92 127 135 142 150 108 104 102 128 135 141 149 156 117 114 112 130 136 142 149 156 124 122 120 130 134 139 144 150 156 133 132 130 130 130 132 133 136 139 143 148 153 158 164 143 141 140 140 140 141 143 146 149 152 157 161 151 150 150 150 151 153 155 158 162
40 41 45 50 57 64 72 81 36 32 30 32 36 42 50 58 67 76 85 95 28 22 20 22 28 36 45 54 63 73 82 92 102 32 22 14 10 14 22 32 61 71 81 91 100 110 30 20 10 0 80 90 100 110 32 22 14 91 100 110 36 28 22 92 102 112 50 42 36 32 95 104 114 57 50 45 98 108 117 64 58 54 103 112 121 72 67 108 117 125 86 81 76 114 122 130 94 89 85 120 128 136 103 98 95 120 127 135 142 112 108 104 122 128 135 141 149 121 117 114 125 130 136 142 149 126 124 122 126 130 134 139 144 150 136 133 132 130 130 130 132 133 136 139 143 148 153 158 146 143 141 140 140 140 141 143 146 149 152 157 153 151 150 150 150 151 153 155 158
41 40 41 45 50 57 64 72 42 36 32 30 32 36 42 50 58 67 76 85 36 28 22 20 22 28 36 45 54 63 73 82 92 41 32 22 14 10 14 22 51 61 71 81 91 100 40 30 20 10 70 80 90 100 41 32 22 81 91 100 45 36 28 82 92 102 58 50 42 36 85 95 104 64 57 50 89 98 108 71 64 58 94 103 112 78 72 100 108 117 92 86 81 106 114 122 100 94 89 113 120 128 108 103 98 114 120 127 135 117 112 108 117 122 128 135 141 125 121 117 121 125 130 136 142 130 126 124 124 126 130 134 139 144 139 136 133 132 130 130 130 132 133 136 139 143 148 153 149 146 143 141 140 140 140 141 143 146 149 152 155 153 151 150 150 150 151 153 155
45 41 40 41 45 50 57 64 50 42 36 32 30 32 36 42 50 58 67 76 45 36 28 22 20 22 28 36 45 54 63 73 82 51 41 32 22 14 10 14 41 51 61 71 81 91 50 40 30 20 60 70 80 90 51 41 32 71 81 91 54 45 36 73 82 92 67 58 50 42 76 85 95 72 64 57 81 89 98 78 71 64 86 94 103 85 78 92 100 108 99 92 86 99 106 114 106 100 94 106 113 120 114 108 103 108 114 120 127 122 117 112 112 117 122 128 135 130 125 121 117 121 125 130 136 134 130 126 122 124 126 130 134 139 143 139 136 133 132 130 130 130 132 133 136 139 143 148 152 149 146 143 141 140 140 140 141 143 146 149 158 155 153 151 150 150 150 151 153
50 45 41 40 41 45 50 57 58 50 42 36 32 30 32 36 42 50 58 67 54 45 36 28 22 20 22 28 36 45 54 63 73 61 51 41 32 22 14 10 32 41 51 61 71 81 60 50 40 30 50 60 70 80 61 51 41 61 71 81 63 54 45 63 73 82 76 67 58 50 67 76 85 81 72 64 72 81 89 86 78 71 78 86 94 92 85 85 92 100 106 99 92 92 99 106 113 106 100 100 106 113 120 114 108 103 108 114 120 128 122 117 108 112 117 122 128 136 130 125 114 117 121 125 130 139 134 130 120 122 124 126 130 134 148 143 139 136 133 132 130 130 130 132 133 136 139 143 157 152 149 146 143 141 140 140 140 141 143 146 162 158 155 153 151 150 150 150 151
57 50 45 41 40 41 45 50 67 58 50 42 36 32 30 32 36 42 50 58 63 54 45 36 28 22 20 22 28 36 45 54 63 71 61 51 41 32 22 14 22 32 41 51 61 71 70 60 50 40 40 50 60 70 71 61 51 51 61 71 73 63 54 54 63 73 85 76 67 58 58 67 76 89 81 72 64 72 81 94 86 78 71 78 86 100 92 78 85 92 114 106 99 86 92 99 120 113 106 94 100 106 127 120 114 98 103 108 114 135 128 122 104 108 112 117 122 142 136 130 112 114 117 121 125 144 139 134 120 120 122 124 126 130 153 148 143 139 136 133 132 130 130 130 132 133 136 139 161 157 152 149 146 143 141 140 140 140 141 143 166 162 158 155 153 151 150 150 150
64 57 50 45 41 40 41 45 76 67 58 50 42 36 32 30 32 36 42 50 73 63 54 45 36 28 22 20 22 28 36 45 54 81 71 61 51 41 32 22 14 22 32 41 51 61 80 70 60 50 30 40 50 60 81 71 61 41 51 61 82 73 63 45 54 63 95 85 76 67 50 58 67 98 89 81 57 64 72 103 94 86 64 71 78 108 100 72 78 85 122 114 106 81 86 92 128 120 113 89 94 100 135 127 120 95 98 103 108 141 135 128 102 104 108 112 117 149 142 136 110 112 114 117 121 150 144 139 120 120 120 122 124 126 158 153 148 143 139 136 133 132 130 130 130 132 133 136 166 161 157 152 149 146 143 141 140 140 140 141 170 166 162 158 155 153 151 150 150
72 64 57 50 45 41 40 41 85 76 67 58 50 42 36 32 30 32 36 42 82 73 63 54 45 36 28 22 20 22 28 36 45 91 81 71 61 51 41 32 10 14 22 32 41 51 90 80 70 60 20 30 40 50 91 81 71 32 41 51 92 82 73 36 45 54 104 95 85 76 42 50 58 108 98 89 50 57 64 112 103 94 58 64 71 117 108 67 72 78 130 122 114 76 81 86 136 128 120 85 89 94 142 135 127 92 95 98 103 149 141 135 100 102 104 108 112 156 149 142 110 110 112 114 117 156 150 144 122 120 120 120 122 124 164 158 153 148 143 139 136 133 132 130 130 130 132 133 172 166 161 157 152 149 146 143 141 140 140 140 175 170 166 162 158 155 153 151 150
81 72 64 57 50 45 41 40 95 85 76 67 58 50 42 36 32 30 32 36 92 82 73 63 54 45 36 28 22 20 22 28 36 100 91 81 71 61 51 41 14 10 14 22 32 41 100 90 80 70 10 20 30 40 100 91 81 22 32 41 102 92 82 28 36 45 114 104 95 85 36 42 50 117 108 98 45 50 57 121 112 103 54 58 64 125 117 63 67 72 139 130 122 73 76 81 144 136 128 82 85 89 150 142 135 91 92 95 98 156 149 141 100 100 102 104 108 163 156 149 110 110 110 112 114 163 156 150 124 122 120 120 120 122 170 164 158 153 148 143 139 136 133 132 130 130 130 132 178 172 166 161 157 152 149 146 143 141 140 140 180 175 170 166 162 158 155 153 151
89 81 72 64 57 50 45 41 104 95 85 76 67 58 50 42 36 32 30 32 102 92 82 73 63 54 45 36 28 22 20 22 28 110 100 91 81 71 61 51 22 14 10 14 22 32 110 100 90 80 0 10 20 30 110 100 91 14 22 32 112 102 92 22 28 36 124 114 104 95 32 36 42 126 117 108 41 45 50 130 121 112 51 54 58 134 125 61 63 67 148 139 130 71 73 76 153 144 136 81 82 85 158 150 142 90 91 92 95 164 156 149 100 100 100 102 104 170 163 156 112 110 110 110 112 170 163 156 126 124 122 120 120 120 177 170 164 158 153 148 143 139 136 133 132 130 130 130 184 178 172 166 161 157 152 149 146 143 141 140 186 180 175 170 166 162 158 155 153
98 89 81 72 64 57 50 45 114 104 95 85 76 67 58 50 42 36 32 30 112 102 92 82 73 63 54 45 36 28 22 20 22 120 110 100 91 81 71 61 32 22 14 10 14 22 120 110 100 90 10 0 10 20 120 110 100 10 14 22 122 112 102 20 22 28 133 124 114 104 30 32 36 136 126 117 40 41 45 139 130 121 50 51 54 143 134 60 61 63 157 148 139 70 71 73 161 153 144 80 81 82 166 158 150 91 90 91 92 172 164 156 102 100 100 100 102 178 170 163 114 112 110 110 110 177 170 163 130 126 124 122 120 120 184 177 170 164 158 153 148 143 139 136 133 132 130 130 191 184 178 172 166 161 157 152 149 146 143 141 192 186 180 175 170 166 162 158 155
108 98 89 81 72 64 57 50 124 114 104 95 85 76 67 58 50 42 36 32 122 112 102 92 82 73 63 54 45 36 28 22 20 130 120 110 100 91 81 71 41 32 22 14 10 14 130 120 110 100 20 10 0 10 130 120 110 14 10 14 132 122 112 22 20 22 143 133 124 114 32 30 32 146 136 126 41 40 41 149 139 130 51 50 51 152 143 61 60 61 166 157 148 71 70 71 170 161 153 81 80 81 175 166 158 92 91 90 91 180 172 164 104 102 100 100 100 186 178 170 117 114 112 110 110 184 177 170 134 130 126 124 122 120 191 184 177 170 164 158 153 148 143 139 136 133 132 130 198 191 184 178 172 166 161 157 152 149 146 143 198 192 186 180 175 170 166 162 158
71 78 86 94 103 112 121 130 50 57 64 72 81 89 98 108 117 126 136 146 42 50 58 67 76 85 95 104 114 124 133 143 153 28 36 45 54 63 73 82 112 122 132 141 151 161 22 32 41 51 130 140 150 160 20 30 40 140 150 160 22 32 41 140 150 160 22 28 36 45 141 151 161 32 36 42 143 153 163 41 45 50 146 155 165 51 54 149 158 168 60 61 63 152 162 171 70 71 73 157 166 175 80 81 82 153 161 170 179 90 91 92 150 158 166 175 184 100 100 102 149 156 164 172 180 110 112 114 142 149 156 163 170 178 120 122 124 126 130 134 139 144 150 156 163 170 177 184 130 132 133 136 139 143 148 153 158 164 170 177 141 143 146 149 152 157 161 166 172
64 71 78 86 94 103 112 121 45 50 57 64 72 81 89 98 108 117 126 136 36 42 50 58 67 76 85 95 104 114 124 133 143 22 28 36 45 54 63 73 102 112 122 132 141 151 14 22 32 41 120 130 140 150 10 20 30 130 140 150 14 22 32 130 140 150 20 22 28 36 132 141 151 30 32 36 133 143 153 40 41 45 136 146 155 50 51 139 149 158 61 60 61 143 152 162 71 70 71 148 157 166 81 80 81 144 153 161 170 91 90 91 142 150 158 166 175 100 100 100 141 149 156 164 172 110 110 112 136 142 149 156 163 170 120 120 122 124 126 130 134 139 144 150 156 163 170 177 130 130 132 133 136 139 143 148 153 158 164 170 140 141 143 146 149 152 157 161 166
58 64 71 78 86 94 103 112 41 45 50 57 64 72 81 89 98 108 117 126 32 36 42 50 58 67 76 85 95 104 114 124 133 20 22 28 36 45 54 63 92 102 112 122 132 141 10 14 22 32 110 120 130 140 0 10 20 120 130 140 10 14 22 120 130 140 22 20 22 28 122 132 141 32 30 32 124 133 143 41 40 41 126 136 146 51 50 130 139 149 63 61 60 134 143 152 73 71 70 139 148 157 82 81 80 136 144 153 161 92 91 90 135 142 150 158 166 102 100 100 135 141 149 156 164 110 110 110 130 136 142 149 156 163 120 120 120 122 124 126 130 134 139 144 150 156 163 170 130 130 130 132 133 136 139 143 148 153 158 164 140 140 141 143 146 149 152 157 161
54 58 64 71 78 86 94 103 40 41 45 50 57 64 72 81 89 98 108 117 30 32 36 42 50 58 67 76 85 95 104 114 124 22 20 22 28 36 45 54 82 92 102 112 122 132 14 10 14 22 100 110 120 130 10 0 10 110 120 130 14 10 14 110 120 130 28 22 20 22 112 122 132 36 32 30 114 124 133 45 41 40 117 126 136 54 51 121 130 139 67 63 61 125 134 143 76 73 71 130 139 148 85 82 81 128 136 144 153 95 92 91 127 135 142 150 158 104 102 100 128 135 141 149 156 112 110 110 125 130 136 142 149 156 122 120 120 120 122 124 126 130 134 139 144 150 156 163 132 130 130 130 132 133 136 139 143 148 153 158 140 140 140 141 143 146 149 152 157
51 54 58 64 71 78 86 94 41 40 41 45 50 57 64 72 81 89 98 108 32 30 32 36 42 50 58 67 76 85 95 104 114 28 22 20 22 28 36 45 73 82 92 102 112 122 22 14 10 14 91 100 110 120 20 10 0 100 110 120 22 14 10 100 110 120 36 28 22 20 102 112 122 42 36 32 104 114 124 50 45 41 108 117 126 58 54 112 121 130 72 67 63 117 125 134 81 76 73 122 130 139 89 85 82 120 128 136 144 98 95 92 120 127 135 142 150 108 104 102 122 128 135 141 149 114 112 110 121 125 130 136 142 149 124 122 120 120 120 122 124 126 130 134 139 144 150 156 133 132 130 130 130 132 133 136 139 143 148 153 141 140 140 140 141 143 146 149 152
50 51 54 58 64 71 78 86 45 41 40 41 45 50 57 64 72 81 89 98 36 32 30 32 36 42 50 58 67 76 85 95 104 36 28 22 20 22 28 36 63 73 82 92 102 112 32 22 14 10 81 91 100 110 30 20 10 90 100 110 32 22 14 91 100 110 45 36 28 22 92 102 112 50 42 36 95 104 114 57 50 45 98 108 117 64 58 103 112 121 78 72 67 108 117 125 86 81 76 114 122 130 94 89 85 113 120 128 136 103 98 95 114 120 127 135 142 112 108 104 117 122 128 135 141 117 114 112 117 121 125 130 136 142 126 124 122 120 120 120 122 124 126 130 134 139 144 150 136 133 132 130 130 130 132 133 136 139 143 148 143 141 140 140 140 141 143 146 149
51 50 51 54 58 64 71 78 50 45 41 40 41 45 50 57 64 72 81 89 42 36 32 30 32 36 42 50 58 67 76 85 95 45 36 28 22 20 22 28 54 63 73 82 92 102 41 32 22 14 71 81 91 100 40 30 20 80 90 100 41 32 22 81 91 100 54 45 36 28 82 92 102 58 50 42 85 95 104 64 57 50 89 98 108 71 64 94 103 112 85 78 72 100 108 117 92 86 81 106 114 122 100 94 89 106 113 120 128 108 103 98 108 114 120 127 135 117 112 108 112 117 122 128 135 121 117 114 114 117 121 125 130 136 130 126 124 122 120 120 120 122 124 126 130 134 139 144 139 136 133 132 130 130 130 132 133 136 139 143 146 143 141 140 140 140 141 143 146
54 51 50 51 54 58 64 71 57 50 45 41 40 41 45 50 57 64 72 81 50 42 36 32 30 32 36 42 50 58 67 76 85 54 45 36 28 22 20 22 45 54 63 73 82 92 51 41 32 22 61 71 81 91 50 40 30 70 80 90 51 41 32 71 81 91 63 54 45 36 73 82 92 67 58 50 76 85 95 72 64 57 81 89 98 78 71 86 94 103 92 85 78 92 100 108 99 92 86 99 106 114 106 100 94 100 106 113 120 114 108 103 103 108 114 120 127 122 117 112 108 112 117 122 128 125 121 117 112 114 117 121 125 130 134 130 126 124 122 120 120 120 122 124 126 130 134 139 143 139 136 133 132 130 130 130 132 133 136 139 149 146 143 141 140 140 140 141 143
58 54 51 50 51 54 58 64 64 57 50 45 41 40 41 45 50 57 64 72 58 50 42 36 32 30 32 36 42 50 58 67 76 63 54 45 36 28 22 20 36 45 54 63 73 82 61 51 41 32 51 61 71 81 60 50 40 60 70 80 61 51 41 61 71 81 73 63 54 45 63 73 82 76 67 58 67 76 85 81 72 64 72 81 89 86 78 78 86 94 100 92 85 85 92 100 106 99 92 92 99 106 113 106 100 94 100 106 113 120 114 108 98 103 108 114 120 128 122 117 104 108 112 117 122 130 125 121 110 112 114 117 121 125 139 134 130 126 124 122 120 120 120 122 124 126 130 134 148 143 139 136 133 132 130 130 130 132 133 136 152 149 146 143 141 140 140 140 141
64 58 54 51 50 51 54 58 72 64 57 50 45 41 40 41 45 50 57 64 67 58 50 42 36 32 30 32 36 42 50 58 67 73 63 54 45 36 28 22 28 36 45 54 63 73 71 61 51 41 41 51 61 71 70 60 50 50 60 70 71 61 51 51 61 71 82 73 63 54 54 63 73 85 76 67 58 67 76 89 81 72 64 72 81 94 86 71 78 86 108 100 92 78 85 92 114 106 99 86 92 99 120 113 106 89 94 100 106 127 120 114 95 98 103 108 114 135 128 122 102 104 108 112 117 136 130 125 110 110 112 114 117 121 144 139 134 130 126 124 122 120 120 120 122 124 126 130 153 148 143 139 136 133 132 130 130 130 132 133 157 152 149 146 143 141 140 140 140
71 64 58 54 51 50 51 54 81 72 64 57 50 45 41 40 41 45 50 57 76 67 58 50 42 36 32 30 32 36 42 50 58 82 73 63 54 45 36 28 22 28 36 45 54 63 81 71 61 51 32 41 51 61 80 70 60 40 50 60 81 71 61 41 51 61 92 82 73 63 45 54 63 95 85 76 50 58 67 98 89 81 57 64 72 103 94 64 71 78 117 108 100 72 78 85 122 114 106 81 86 92 128 120 113 85 89 94 100 135 127 120 92 95 98 103 108 141 135 128 100 102 104 108 112 142 136 130 110 110 110 112 114 117 150 144 139 134 130 126 124 122 120 120 120 122 124 126 158 153 148 143 139 136 133 132 130 130 130 132 161 157 152 149 146 143 141 140 140
78 71 64 58 54 51 50 51 89 81 72 64 57 50 45 41 40 41 45 50 85 76 67 58 50 42 36 32 30 32 36 42 50 92 82 73 63 54 45 36 20 22 28 36 45 54 91 81 71 61 22 32 41 51 90 80 70 30 40 50 91 81 71 32 41 51 102 92 82 73 36 45 54 104 95 85 42 50 58 108 98 89 50 57 64 112 103 58 64 71 125 117 108 67 72 78 130 122 114 76 81 86 136 128 120 82 85 89 94 142 135 127 91 92 95 98 103 149 141 135 100 100 102 104 108 149 142 136 112 110 110 110 112 114 156 150 144 139 134 130 126 124 122 120 120 120 122 124 164 158 153 148 143 139 136 133 132 130 130 130 166 161 157 152 149 146 143 141 140
86 78 71 64 58 54 51 50 98 89 81 72 64 57 50 45 41 40 41 45 95 85 76 67 58 50 42 36 32 30 32 36 42 102 92 82 73 63 54 45 22 20 22 28 36 45 100 91 81 71 14 22 32 41 100 90 80 20 30 40 100 91 81 22 32 41 112 102 92 82 28 36 45 114 104 95 36 42 50 117 108 98 45 50 57 121 112 54 58 64 134 125 117 63 67 72 139 130 122 73 76 81 144 136 128 81 82 85 89 150 142 135 90 91 92 95 98 156 149 141 100 100 100 102 104 156 149 142 114 112 110 110 110 112 163 156 150 144 139 134 130 126 124 122 120 120 120 122 170 164 158 153 148 143 139 136 133 132 130 130 172 166 161 157 152 149 146 143 141
94 86 78 71 64 58 54 51 108 98 89 81 72 64 57 50 45 41 40 41 104 95 85 76 67 58 50 42 36 32 30 32 36 112 102 92 82 73 63 54 28 22 20 22 28 36 110 100 91 81 10 14 22 32 110 100 90 10 20 30 110 100 91 14 22 32 122 112 102 92 22 28 36 124 114 104 32 36 42 126 117 108 41 45 50 130 121 51 54 58 143 134 125 61 63 67 148 139 130 71 73 76 153 144 136 80 81 82 85 158 150 142 91 90 91 92 95 164 156 149 102 100 100 100 102 163 156 149 117 114 112 110 110 110 170 163 156 150 144 139 134 130 126 124 122 120 120 120 177 170 164 158 153 148 143 139 136 133 132 130 178 172 166 161 157 152 149 146 143
103 94 86 78 71 64 58 54 117 108 98 89 81 72 64 57 50 45 41 40 114 104 95 85 76 67 58 50 42 36 32 30 32 122 112 102 92 82 73 63 36 28 22 20 22 28 120 110 100 91 14 10 14 22 120 110 100 0 10 20 120 110 100 10 14 22 132 122 112 102 20 22 28 133 124 114 30 32 36 136 126 117 40 41 45 139 130 50 51 54 152 143 134 60 61 63 157 148 139 70 71 73 161 153 144 81 80 81 82 166 158 150 92 91 90 91 92 172 164 156 104 102 100 100 100 170 163 156 121 117 114 112 110 110 177 170 163 156 150 144 139 134 130 126 124 122 120 120 184 177 170 164 158 153 148 143 139 136 133 132 184 178 172 166 161 157 152 149 146
112 103 94 86 78 71 64 58 126 117 108 98 89 81 72 64 57 50 45 41 124 114 104 95 85 76 67 58 50 42 36 32 30 132 122 112 102 92 82 73 45 36 28 22 20 22 130 120 110 100 22 14 10 14 130 120 110 10 0 10 130 120 110 14 10 14 141 132 122 112 22 20 22 143 133 124 32 30 32 146 136 126 41 40 41 149 139 51 50 51 162 152 143 61 60 61 166 157 148 71 70 71 170 161 153 82 81 80 81 175 166 158 95 92 91 90 91 180 172 164 108 104 102 100 100 178 170 163 125 121 117 114 112 110 184 177 170 163 156 150 144 139 134 130 126 124 122 120 191 184 177 170 164 158 153 148 143 139 136 133 191 184 178 172 166 161 157 152 149
60 61 63 67 72 78 85 92 54 51 50 51 54 58 64 71 78 86 94 103 45 41 40 41 45 50 57 64 72 81 89 98 108 42 36 32 30 32 36 42 67 76 85 95 104 114 36 28 22 20 82 92 102 112 32 22 14 91 100 110 30 20 10 90 100 110 41 32 22 14 91 100 110 45 36 28 92 102 112 50 42 36 95 104 114 57 50 98 108 117 71 64 58 103 112 121 78 72 67 108 117 125 86 81 76 106 114 122 130 94 89 85 106 113 120 128 136 103 98 95 108 114 120 127 135 108 104 102 108 112 117 122 128 135 117 114 112 110 110 110 112 114 117 121 125 130 136 142 126 124 122 120 120 120 122 124 126 130 134 139 133 132 130 130 130 132 133 136 139
61 60 61 63 67 72 78 85 58 54 51 50 51 54 58 64 71 78 86 94 50 45 41 40 41 45 50 57 64 72 81 89 98 50 42 36 32 30 32 36 58 67 76 85 95 104 45 36 28 22 73 82 92 102 41 32 22 81 91 100 40 30 20 80 90 100 51 41 32 22 81 91 100 54 45 36 82 92 102 58 50 42 85 95 104 64 57 89 98 108 78 71 64 94 103 112 85 78 72 100 108 117 92 86 81 99 106 114 122 100 94 89 100 106 113 120 128 108 103 98 103 108 114 120 127 112 108 104 104 108 112 117 122 128 121 117 114 112 110 110 110 112 114 117 121 125 130 136 130 126 124 122 120 120 120 122 124 126 130 134 136 133 132 130 130 130 132 133 136
63 61 60 61 63 67 72 78 64 58 54 51 50 51 54 58 64 71 78 86 57 50 45 41 40 41 45 50 57 64 72 81 89 58 50 42 36 32 30 32 50 58 67 76 85 95 54 45 36 28 63 73 82 92 51 41 32 71 81 91 50 40 30 70 80 90 61 51 41 32 71 81 91 63 54 45 73 82 92 67 58 50 76 85 95 72 64 81 89 98 86 78 71 86 94 103 92 85 78 92 100 108 99 92 86 92 99 106 114 106 100 94 94 100 106 113 120 114 108 103 98 103 108 114 120 117 112 108 102 104 108 112 117 122 125 121 117 114 112 110 110 110 112 114 117 121 125 130 134 130 126 124 122 120 120 120 122 124 126 130 139 136 133 132 130 130 130 132 133
67 63 61 60 61 63 67 72 71 64 58 54 51 50 51 54 58 64 71 78 64 57 50 45 41 40 41 45 50 57 64 72 81 67 58 50 42 36 32 30 42 50 58 67 76 85 63 54 45 36 54 63 73 82 61 51 41 61 71 81 60 50 40 60 70 80 71 61 51 41 61 71 81 73 63 54 63 73 82 76 67 58 67 76 85 81 72 72 81 89 94 86 78 78 86 94 100 92 85 85 92 100 106 99 92 86 92 99 106 113 106 100 89 94 100 106 113 120 114 108 95 98 103 108 114 122 117 112 100 102 104 108 112 117 130 125 121 117 114 112 110 110 110 112 114 117 121 125 139 134 130 126 124 122 120 120 120 122 124 126 143 139 136 133 132 130 130 130 132
72 67 63 61 60 61 63 67 78 71 64 58 54 51 50 51 54 58 64 71 72 64 57 50 45 41 40 41 45 50 57 64 72 76 67 58 50 42 36 32 36 42 50 58 67 76 73 63 54 45 45 54 63 73 71 61 51 51 61 71 70 60 50 50 60 70 81 71 61 51 51 61 71 82 73 63 54 63 73 85 76 67 58 67 76 89 81 64 72 81 103 94 86 71 78 86 108 100 92 78 85 92 114 106 99 81 86 92 99 120 113 106 85 89 94 100 106 127 120 114 92 95 98 103 108 128 122 117 100 100 102 104 108 112 136 130 125 121 117 114 112 110 110 110 112 114 117 121 144 139 134 130 126 124 122 120 120 120 122 124 148 143 139 136 133 132 130 130 130
78 72 67 63 61 60 61 63 86 78 71 64 58 54 51 50 51 54 58 64 81 72 64 57 50 45 41 40 41 45 50 57 64 85 76 67 58 50 42 36 32 36 42 50 58 67 82 73 63 54 36 45 54 63 81 71 61 41 51 61 80 70 60 40 50 60 91 81 71 61 41 51 61 92 82 73 45 54 63 95 85 76 50 58 67 98 89 57 64 72 112 103 94 64 71 78 117 108 100 72 78 85 122 114 106 76 81 86 92 128 120 113 82 85 89 94 100 135 127 120 91 92 95 98 103 135 128 122 100 100 100 102 104 108 142 136 130 125 121 117 114 112 110 110 110 112 114 117 150 144 139 134 130 126 124 122 120 120 120 122 153 148 143 139 136 133 132 130 130
85 78 72 67 63 61 60 61 94 86 78 71 64 58 54 51 50 51 54 58 89 81 72 64 57 50 45 41 40 41 45 50 57 95 85 76 67 58 50 42 30 32 36 42 50 58 92 82 73 63 28 36 45 54 91 81 71 32 41 51 90 80 70 30 40 50 100 91 81 71 32 41 51 102 92 82 36 45 54 104 95 85 42 50 58 108 98 50 57 64 121 112 103 58 64 71 125 117 108 67 72 78 130 122 114 73 76 81 86 136 128 120 81 82 85 89 94 142 135 127 90 91 92 95 98 141 135 128 102 100 100 100 102 104 149 142 136 130 125 121 117 114 112 110 110 110 112 114 156 150 144 139 134 130 126 124 122 120 120 120 158 153 148 143 139 136 133 132 130
92 85 78 72 67 63 61 60 103 94 86 78 71 64 58 54 51 50 51 54 98 89 81 72 64 57 50 45 41 40 41 45 50 104 95 85 76 67 58 50 32 30 32 36 42 50 102 92 82 73 22 28 36 45 100 91 81 22 32 41 100 90 80 20 30 40 110 100 91 81 22 32 41 112 102 92 28 36 45 114 104 95 36 42 50 117 108 45 50 57 130 121 112 54 58 64 134 125 117 63 67 72 139 130 122 71 73 76 81 144 136 128 80 81 82 85 89 150 142 135 91 90 91 92 95 149 141 135 104 102 100 100 100 102 156 149 142 136 130 125 121 117 114 112 110 110 110 112 163 156 150 144 139 134 130 126 124 122 120 120 164 158 153 148 143 139 136 133 132
100 92 85 78 72 67 63 61 112 103 94 86 78 71 64 58 54 51 50 51 108 98 89 81 72 64 57 50 45 41 40 41 45 114 104 95 85 76 67 58 36 32 30 32 36 42 112 102 92 82 20 22 28 36 110 100 91 14 22 32 110 100 90 10 20 30 120 110 100 91 14 22 32 122 112 102 22 28 36 124 114 104 32 36 42 126 117 41 45 50 139 130 121 51 54 58 143 134 125 61 63 67 148 139 130 70 71 73 76 153 144 136 81 80 81 82 85 158 150 142 92 91 90 91 92 156 149 141 108 104 102 100 100 100 163 156 149 142 136 130 125 121 117 114 112 110 110 110 170 163 156 150 144 139 134 130 126 124 122 120 170 164 158 153 148 143 139 136 133
108 100 92 85 78 72 67 63 121 112 103 94 86 78 71 64 58 54 51 50 117 108 98 89 81 72 64 57 50 45 41 40 41 124 114 104 95 85 76 67 42 36 32 30 32 36 122 112 102 92 22 20 22 28 120 110 100 10 14 22 120 110 100 0 10 20 130 120 110 100 10 14 22 132 122 112 20 22 28 133 124 114 30 32 36 136 126 40 41 45 149 139 130 50 51 54 152 143 134 60 61 63 157 148 139 71 70 71 73 161 153 144 82 81 80 81 82 166 158 150 95 92 91 90 91 164 156 149 112 108 104 102 100 100 170 163 156 149 142 136 130 125 121 117 114 112 110 110 177 170 163 156 150 144 139 134 130 126 124 122 177 170 164 158 153 148 143 139 136
117 108 100 92 85 78 72 67 130 121 112 103 94 86 78 71 64 58 54 51 126 117 108 98 89 81 72 64 57 50 45 41 40 133 124 114 104 95 85 76 50 42 36 32 30 32 132 122 112 102 28 22 20 22 130 120 110 14 10 14 130 120 110 10 0 10 140 130 120 110 14 10 14 141 132 122 22 20 22 143 133 124 32 30 32 146 136 41 40 41 158 149 139 51 50 51 162 152 143 61 60 61 166 157 148 73 71 70 71 170 161 153 85 82 81 80 81 175 166 158 98 95 92 91 90 172 164 156 117 112 108 104 102 100 178 170 163 156 149 142 136 130 125 121 117 114 112 110 184 177 170 163 156 150 144 139 134 130 126 124 184 177 170 164 158 153 148 143 139
99 92 86 81 76 73 71 70 108 100 92 85 78 72 67 63 61 60 61 63 103 94 86 78 71 64 58 54 51 50 51 54 58 108 98 89 81 72 64 57 41 40 41 45 50 57 104 95 85 76 32 36 42 50 102 92 82 28 36 45 100 91 81 22 32 41 110 100 90 80 20 30 40 110 100 91 22 32 41 112 102 92 28 36 45 114 104 36 42 50 126 117 108 45 50 57 130 121 112 54 58 64 134 125 117 61 63 67 72 139 130 122 70 71 73 76 81 144 136 128 81 80 81 82 85 142 135 127 95 92 91 90 91 92 149 141 135 128 122 117 112 108 104 102 100 100 100 102 156 149 142 136 130 125 121 117 114 112 110 110 156 150 144 139 134 130 126 124 122
106 99 92 86 81 76 73 71 117 108 100 92 85 78 72 67 63 61 60 61 112 103 94 86 78 71 64 58 54 51 50 51 54 117 108 98 89 81 72 64 45 41 40 41 45 50 114 104 95 85 30 32 36 42 112 102 92 22 28 36 110 100 91 14 22 32 120 110 100 90 10 20 30 120 110 100 14 22 32 122 112 102 22 28 36 124 114 32 36 42 136 126 117 41 45 50 139 130 121 51 54 58 143 134 125 60 61 63 67 148 139 130 71 70 71 73 76 153 144 136 82 81 80 81 82 150 142 135 98 95 92 91 90 91 156 149 141 135 128 122 117 112 108 104 102 100 100 100 163 156 149 142 136 130 125 121 117 114 112 110 163 156 150 144 139 134 130 126 124
114 106 99 92 86 81 76 73 125 117 108 100 92 85 78 72 67 63 61 60 121 112 103 94 86 78 71 64 58 54 51 50 51 126 117 108 98 89 81 72 50 45 41 40 41 45 124 114 104 95 32 30 32 36 122 112 102 20 22 28 120 110 100 10 14 22 130 120 110 100 0 10 20 130 120 110 10 14 22 132 122 112 20 22 28 133 124 30 32 36 146 136 126 40 41 45 149 139 130 50 51 54 152 143 134 61 60 61 63 157 148 139 73 71 70 71 73 161 153 144 85 82 81 80 81 158 150 142 103 98 95 92 91 90 164 156 149 141 135 128 122 117 112 108 104 102 100 100 170 163 156 149 142 136 130 125 121 117 114 112 170 163 156 150 144 139 134 130 126
122 114 106 99 92 86 81 76 134 125 117 108 100 92 85 78 72 67 63 61 130 121 112 103 94 86 78 71 64 58 54 51 50 136 126 117 108 98 89 81 57 50 45 41 40 41 133 124 114 104 36 32 30 32 132 122 112 22 20 22 130 120 110 14 10 14 140 130 120 110 10 0 10 140 130 120 14 10 14 141 132 122 22 20 22 143 133 32 30 32 155 146 136 41 40 41 158 149 139 51 50 51 162 152 143 63 61 60 61 166 157 148 76 73 71 70 71 170 161 153 89 85 82 81 80 166 158 150 108 103 98 95 92 91 172 164 156 149 141 135 128 122 117 112 108 104 102 100 178 170 163 156 149 142 136 130 125 121 117 114 177 170 163 156 150 144 139 134 130
100 94 89 85 82 81 80 81 106 99 92 86 81 76 73 71 70 71 73 76 100 92 85 78 72 67 63 61 60 61 63 67 72 103 94 86 78 71 64 58 50 51 54 58 64 71 98 89 81 72 45 50 57 64 95 85 76 42 50 58 92 82 73 36 45 54 100 91 81 71 32 41 51 100 90 80 30 40 50 100 91 81 32 41 51 102 92 36 45 54 114 104 95 42 50 58 117 108 98 50 57 64 121 112 103 54 58 64 71 125 117 108 61 63 67 72 78 130 122 114 70 71 73 76 81 128 120 113 82 81 80 81 82 85 135 127 120 114 108 103 98 95 92 91 90 91 92 95 141 135 128 122 117 112 108 104 102 100 100 100 142 136 130 125 121 117 114 112 110
106 100 94 89 85 82 81 80 114 106 99 92 86 81 76 73 71 70 71 73 108 100 92 85 78 72 67 63 61 60 61 63 67 112 103 94 86 78 71 64 51 50 51 54 58 64 108 98 89 81 41 45 50 57 104 95 85 36 42 50 102 92 82 28 36 45 110 100 91 81 22 32 41 110 100 90 20 30 40 110 100 91 22 32 41 112 102 28 36 45 124 114 104 36 42 50 126 117 108 45 50 57 130 121 112 51 54 58 64 134 125 117 60 61 63 67 72 139 130 122 71 70 71 73 76 136 128 120 85 82 81 80 81 82 142 135 127 120 114 108 103 98 95 92 91 90 91 92 149 141 135 128 122 117 112 108 104 102 100 100 149 142 136 130 125 121 117 114 112
113 106 100 94 89 85 82 81 122 114 106 99 92 86 81 76 73 71 70 71 117 108 100 92 85 78 72 67 63 61 60 61 63 121 112 103 94 86 78 71 54 51 50 51 54 58 117 108 98 89 40 41 45 50 114 104 95 32 36 42 112 102 92 22 28 36 120 110 100 91 14 22 32 120 110 100 10 20 30 120 110 100 14 22 32 122 112 22 28 36 133 124 114 32 36 42 136 126 117 41 45 50 139 130 121 50 51 54 58 143 134 125 61 60 61 63 67 148 139 130 73 71 70 71 73 144 136 128 89 85 82 81 80 81 150 142 135 127 120 114 108 103 98 95 92 91 90 91 156 149 141 135 128 122 117 112 108 104 102 100 156 149 142 136 130 125 121 117 114
120 113 106 100 94 89 85 82 130 122 114 106 99 92 86 81 76 73 71 70 125 117 108 100 92 85 78 72 67 63 61 60 61 130 121 112 103 94 86 78 58 54 51 50 51 54 126 117 108 98 41 40 41 45 124 114 104 30 32 36 122 112 102 20 22 28 130 120 110 100 10 14 22 130 120 110 0 10 20 130 120 110 10 14 22 132 122 20 22 28 143 133 124 30 32 36 146 136 126 40 41 45 149 139 130 51 50 51 54 152 143 134 63 61 60 61 63 157 148 139 76 73 71 70 71 153 144 136 94 89 85 82 81 80 158 150 142 135 127 120 114 108 103 98 95 92 91 90 164 156 149 141 135 128 122 117 112 108 104 102 163 156 149 142 136 130 125 121 117
108 103 98 95 92 91 90 91 113 106 100 94 89 85 82 81 80 81 82 85 106 99 92 86 81 76 73 71 70 71 73 76 81 108 100 92 85 78 72 67 60 61 63 67 72 78 103 94 86 78 54 58 64 71 98 89 81 50 57 64 95 85 76 42 50 58 102 92 82 73 36 45 54 100 91 81 32 41 51 100 90 80 30 40 50 100 91 32 41 51 112 102 92 36 45 54 114 104 95 42 50 58 117 108 98 45 50 57 64 121 112 103 51 54 58 64 71 125 117 108 60 61 63 67 72 122 114 106 73 71 70 71 73 76 128 120 113 106 100 94 89 85 82 81 80 81 82 85 135 127 120 114 108 103 98 95 92 91 90 91 135 128 122 117 112 108 104 102 100
114 108 103 98 95 92 91 90 120 113 106 100 94 89 85 82 81 80 81 82 114 106 99 92 86 81 76 73 71 70 71 73 76 117 108 100 92 85 78 72 61 60 61 63 67 72 112 103 94 86 51 54 58 64 108 98 89 45 50 57 104 95 85 36 42 50 112 102 92 82 28 36 45 110 100 91 22 32 41 110 100 90 20 30 40 110 100 22 32 41 122 112 102 28 36 45 124 114 104 36 42 50 126 117 108 41 45 50 57 130 121 112 50 51 54 58 64 134 125 117 61 60 61 63 67 130 122 114 76 73 71 70 71 73 136 128 120 113 106 100 94 89 85 82 81 80 81 82 142 135 127 120 114 108 103 98 95 92 91 90 141 135 128 122 117 112 108 104 102
120 114 108 103 98 95 92 91 128 120 113 106 100 94 89 85 82 81 80 81 122 114 106 99 92 86 81 76 73 71 70 71 73 125 117 108 100 92 85 78 63 61 60 61 63 67 121 112 103 94 50 51 54 58 117 108 98 41 45 50 114 104 95 32 36 42 122 112 102 92 22 28 36 120 110 100 14 22 32 120 110 100 10 20 30 120 110 14 22 32 132 122 112 22 28 36 133 124 114 32 36 42 136 126 117 40 41 45 50 139 130 121 51 50 51 54 58 143 134 125 63 61 60 61 63 139 130 122 81 76 73 71 70 71 144 136 128 120 113 106 100 94 89 85 82 81 80 81 150 142 135 127 120 114 108 103 98 95 92 91 149 141 135 128 122 117 112 108 104
127 120 114 108 103 98 95 92 136 128 120 113 106 100 94 89 85 82 81 80 130 122 114 106 99 92 86 81 76 73 71 70 71 134 125 117 108 100 92 85 67 63 61 60 61 63 130 121 112 103 51 50 51 54 126 117 108 40 41 45 124 114 104 30 32 36 132 122 112 102 20 22 28 130 120 110 10 14 22 130 120 110 0 10 20 130 120 10 14 22 141 132 122 20 22 28 143 133 124 30 32 36 146 136 126 41 40 41 45 149 139 130 54 51 50 51 54 152 143 134 67 63 61 60 61 148 139 130 86 81 76 73 71 70 153 144 136 128 120 113 106 100 94 89 85 82 81 80 158 150 142 135 127 120 114 108 103 98 95 92 156 149 141 135 128 122 117 112 108
112 108 104 102 100 100 100 102 114 108 103 98 95 92 91 90 91 92 95 98 106 100 94 89 85 82 81 80 81 82 85 89 94 106 99 92 86 81 76 73 71 73 76 81 86 92 100 92 85 78 67 72 78 85 94 86 78 64 71 78 89 81 72 57 64 72 95 85 76 67 50 58 67 92 82 73 45 54 63 91 81 71 41 51 61 90 80 40 50 60 100 91 81 41 51 61 102 92 82 45 54 63 104 95 85 42 50 58 67 108 98 89 45 50 57 64 72 112 103 94 51 54 58 64 71 108 100 92 61 60 61 63 67 72 114 106 99 92 86 81 76 73 71 70 71 73 76 81 120 113 106 100 94 89 85 82 81 80 81 82 120 114 108 103 98 95 92 91 90
117 112 108 104 102 100 100 100 120 114 108 103 98 95 92 91 90 91 92 95 113 106 100 94 89 85 82 81 80 81 82 85 89 114 106 99 92 86 81 76 70 71 73 76 81 86 108 100 92 85 63 67 72 78 103 94 86 58 64 71 98 89 81 50 57 64 104 95 85 76 42 50 58 102 92 82 36 45 54 100 91 81 32 41 51 100 90 30 40 50 110 100 91 32 41 51 112 102 92 36 45 54 114 104 95 36 42 50 58 117 108 98 41 45 50 57 64 121 112 103 50 51 54 58 64 117 108 100 63 61 60 61 63 67 122 114 106 99 92 86 81 76 73 71 70 71 73 76 128 120 113 106 100 94 89 85 82 81 80 81 127 120 114 108 103 98 95 92 91
122 117 112 108 104 102 100 100 127 120 114 108 103 98 95 92 91 90 91 92 120 113 106 100 94 89 85 82 81 80 81 82 85 122 114 106 99 92 86 81 71 70 71 73 76 81 117 108 100 92 61 63 67 72 112 103 94 54 58 64 108 98 89 45 50 57 114 104 95 85 36 42 50 112 102 92 28 36 45 110 100 91 22 32 41 110 100 20 30 40 120 110 100 22 32 41 122 112 102 28 36 45 124 114 104 32 36 42 50 126 117 108 40 41 45 50 57 130 121 112 51 50 51 54 58 125 117 108 67 63 61 60 61 63 130 122 114 106 99 92 86 81 76 73 71 70 71 73 136 128 120 113 106 100 94 89 85 82 81 80 135 127 120 114 108 103 98 95 92
128 122 117 112 108 104 102 100 135 127 120 114 108 103 98 95 92 91 90 91 128 120 113 106 100 94 89 85 82 81 80 81 82 130 122 114 106 99 92 86 73 71 70 71 73 76 125 117 108 100 60 61 63 67 121 112 103 51 54 58 117 108 98 41 45 50 124 114 104 95 32 36 42 122 112 102 22 28 36 120 110 100 14 22 32 120 110 10 20 30 130 120 110 14 22 32 132 122 112 22 28 36 133 124 114 30 32 36 42 136 126 117 41 40 41 45 50 139 130 121 54 51 50 51 54 134 125 117 72 67 63 61 60 61 139 130 122 114 106 99 92 86 81 76 73 71 70 71 144 136 128 120 113 106 100 94 89 85 82 81 142 135 127 120 114 108 103 98 95
121 117 114 112 110 110 110 112 122 117 112 108 104 102 100 100 100 102 104 108 114 108 103 98 95 92 91 90 91 92 95 98 103 113 106 100 94 89 85 82 81 82 85 89 94 100 106 99 92 86 76 81 86 92 100 92 85 72 78 85 94 86 78 64 71 78 98 89 81 72 57 64 72 95 85 76 50 58 67 92 82 73 45 54 63 91 81 41 51 61 100 90 80 40 50 60 100 91 81 41 51 61 102 92 82 36 45 54 63 104 95 85 36 42 50 58 67 108 98 89 41 45 50 57 64 103 94 86 51 50 51 54 58 64 108 100 92 85 78 72 67 63 61 60 61 63 67 72 114 106 99 92 86 81 76 73 71 70 71 73 113 106 100 94 89 85 82 81 80
125 121 117 114 112 110 110 110 128 122 117 112 108 104 102 100 100 100 102 104 120 114 108 103 98 95 92 91 90 91 92 95 98 120 113 106 100 94 89 85 80 81 82 85 89 94 114 106 99 92 73 76 81 86 108 100 92 67 72 78 103 94 86 58 64 71 108 98 89 81 50 57 64 104 95 85 42 50 58 102 92 82 36 45 54 100 91 32 41 51 110 100 90 30 40 50 110 100 91 32 41 51 112 102 92 28 36 45 54 114 104 95 32 36 42 50 58 117 108 98 40 41 45 50 57 112 103 94 54 51 50 51 54 58 117 108 100 92 85 78 72 67 63 61 60 61 63 67 122 114 106 99 92 86 81 76 73 71 70 71 120 113 106 100 94 89 85 82 81
130 125 121 117 114 112 110 110 135 128 122 117 112 108 104 102 100 100 100 102 127 120 114 108 103 98 95 92 91 90 91 92 95 128 120 113 106 100 94 89 81 80 81 82 85 89 122 114 106 99 71 73 76 81 117 108 100 63 67 72 112 103 94 54 58 64 117 108 98 89 45 50 57 114 104 95 36 42 50 112 102 92 28 36 45 110 100 22 32 41 120 110 100 20 30 40 120 110 100 22 32 41 122 112 102 22 28 36 45 124 114 104 30 32 36 42 50 126 117 108 41 40 41 45 50 121 112 103 58 54 51 50 51 54 125 117 108 100 92 85 78 72 67 63 61 60 61 63 130 122 114 106 99 92 86 81 76 73 71 70 128 120 113 106 100 94 89 85 82
136 130 125 121 117 114 112 110 141 135 128 122 117 112 108 104 102 100 100 100 135 127 120 114 108 103 98 95 92 91 90 91 92 136 128 120 113 106 100 94 82 81 80 81 82 85 130 122 114 106 70 71 73 76 125 117 108 61 63 67 121 112 103 51 54 58 126 117 108 98 41 45 50 124 114 104 32 36 42 122 112 102 22 28 36 120 110 14 22 32 130 120 110 10 20 30 130 120 110 14 22 32 132 122 112 20 22 28 36 133 124 114 32 30 32 36 42 136 126 117 45 41 40 41 45 130 121 112 64 58 54 51 50 51 134 125 117 108 100 92 85 78 72 67 63 61 60 61 139 130 122 114 106 99 92 86 81 76 73 71 136 128 120 113 106 100 94 89 85
126 124 122 120 120 120 122 124 125 121 117 114 112 110 110 110 112 114 117 121 117 112 108 104 102 100 100 100 102 104 108 112 117 114 108 103 98 95 92 91 92 95 98 103 108 114 106 100 94 89 89 94 100 106 99 92 86 86 92 99 92 85 78 78 85 92 94 86 78 71 71 78 86 89 81 72 64 72 81 85 76 67 58 67 76 82 73 54 63 73 91 81 71 51 61 71 90 80 70 50 60 70 91 81 71 41 51 61 71 92 82 73 36 45 54 63 73 95 85 76 36 42 50 58 67 89 81 72 40 41 45 50 57 64 94 86 78 71 64 58 54 51 50 51 54 58 64 71 100 92 85 78 72 67 63 61 60 61 63 67 99 92 86 81 76 73 71 70 71
130 126 124 122 120 120 120 122 130 125 121 117 114 112 110 110 110 112 114 117 122 117 112 108 104 102 100 100 100 102 104 108 112 120 114 108 103 98 95 92 91 92 95 98 103 108 113 106 100 94 85 89 94 100 106 99 92 81 86 92 100 92 85 72 78 85 103 94 86 78 64 71 78 98 89 81 57 64 72 95 85 76 50 58 67 92 82 45 54 63 100 91 81 41 51 61 100 90 80 40 50 60 100 91 81 32 41 51 61 102 92 82 28 36 45 54 63 104 95 85 32 36 42 50 58 98 89 81 41 40 41 45 50 57 103 94 86 78 71 64 58 54 51 50 51 54 58 64 108 100 92 85 78 72 67 63 61 60 61 63 106 99 92 86 81 76 73 71 70
134 130 126 124 122 120 120 120 136 130 125 121 117 114 112 110 110 110 112 114 128 122 117 112 108 104 102 100 100 100 102 104 108 127 120 114 108 103 98 95 90 91 92 95 98 103 120 113 106 100 82 85 89 94 114 106 99 76 81 86 108 100 92 67 72 78 112 103 94 86 58 64 71 108 98 89 50 57 64 104 95 85 42 50 58 102 92 36 45 54 110 100 91 32 41 51 110 100 90 30 40 50 110 100 91 22 32 41 51 112 102 92 22 28 36 45 54 114 104 95 30 32 36 42 50 108 98 89 45 41 40 41 45 50 112 103 94 86 78 71 64 58 54 51 50 51 54 58 117 108 100 92 85 78 72 67 63 61 60 61 114 106 99 92 86 81 76 73 71
139 134 130 126 124 122 120 120 142 136 130 125 121 117 114 112 110 110 110 112 135 128 122 117 112 108 104 102 100 100 100 102 104 135 127 120 114 108 103 98 91 90 91 92 95 98 128 120 113 106 81 82 85 89 122 114 106 73 76 81 117 108 100 63 67 72 121 112 103 94 54 58 64 117 108 98 45 50 57 114 104 95 36 42 50 112 102 28 36 45 120 110 100 22 32 41 120 110 100 20 30 40 120 110 100 14 22 32 41 122 112 102 20 22 28 36 45 124 114 104 32 30 32 36 42 117 108 98 50 45 41 40 41 45 121 112 103 94 86 78 71 64 58 54 51 50 51 54 125 117 108 100 92 85 78 72 67 63 61 60 122 114 106 99 92 86 81 76 73
136 133 132 130 130 130 132 133 134 130 126 124 122 120 120 120 122 124 126 130 125 121 117 114 112 110 110 110 112 114 117 121 125 122 117 112 108 104 102 100 102 104 108 112 117 122 114 108 103 98 98 103 108 114 106 100 94 94 100 106 99 92 86 86 92 99 100 92 85 78 78 85 92 94 86 78 71 78 86 89 81 72 64 72 81 85 76 58 67 76 92 82 73 54 63 73 91 81 71 51 61 71 90 80 70 40 50 60 70 91 81 71 32 41 51 61 71 92 82 73 28 36 45 54 63 85 76 67 30 32 36 42 50 58 89 81 72 64 57 50 45 41 40 41 45 50 57 64 94 86 78 71 64 58 54 51 50 51 54 58 92 85 78 72 67 63 61 60 61
139 136 133 132 130 130 130 132 139 134 130 126 124 122 120 120 120 122 124 126 130 125 121 117 114 112 110 110 110 112 114 117 121 128 122 117 112 108 104 102 100 102 104 108 112 117 120 114 108 103 95 98 103 108 113 106 100 89 94 100 106 99 92 81 86 92 108 100 92 85 72 78 85 103 94 86 64 71 78 98 89 81 57 64 72 95 85 50 58 67 102 92 82 45 54 63 100 91 81 41 51 61 100 90 80 30 40 50 60 100 91 81 22 32 41 51 61 102 92 82 22 28 36 45 54 95 85 76 32 30 32 36 42 50 98 89 81 72 64 57 50 45 41 40 41 45 50 57 103 94 86 78 71 64 58 54 51 50 51 54 100 92 85 78 72 67 63 61 60
143 139 136 133 132 130 130 130 144 139 134 130 126 124 122 120 120 120 122 124 136 130 125 121 117 114 112 110 110 110 112 114 117 135 128 122 117 112 108 104 100 100 102 104 108 112 127 120 114 108 92 95 98 103 120 113 106 85 89 94 114 106 99 76 81 86 117 108 100 92 67 72 78 112 103 94 58 64 71 108 98 89 50 57 64 104 95 42 50 58 112 102 92 36 45 54 110 100 91 32 41 51 110 100 90 20 30 40 50 110 100 91 14 22 32 41 51 112 102 92 20 22 28 36 45 104 95 85 36 32 30 32 36 42 108 98 89 81 72 64 57 50 45 41 40 41 45 50 112 103 94 86 78 71 64 58 54 51 50 51 108 100 92 85 78 72 67 63 61
143 141 140 140 140 141 143 146 139 136 133 132 130 130 130 132 133 136 139 143 130 126 124 122 120 120 120 122 124 126 130 134 139 125 121 117 114 112 110 110 114 117 121 125 130 136 117 112 108 104 112 117 122 128 108 103 98 108 114 120 100 94 89 100 106 113 99 92 86 81 92 99 106 92 85 78 85 92 100 86 78 71 78 86 94 81 72 72 81 89 85 76 67 67 76 85 82 73 63 63 73 82 81 71 61 51 61 71 81 80 70 60 40 50 60 70 80 81 71 61 32 41 51 61 71 73 63 54 22 28 36 45 54 63 76 67 58 50 42 36 32 30 32 36 42 50 58 67 81 72 64 57 50 45 41 40 41 45 50 57 78 71 64 58 54 51 50 51 54
146 143 141 140 140 140 141 143 143 139 136 133 132 130 130 130 132 133 136 139 134 130 126 124 122 120 120 120 122 124 126 130 134 130 125 121 117 114 112 110 112 114 117 121 125 130 122 117 112 108 108 112 117 122 114 108 103 103 108 114 106 100 94 94 100 106 106 99 92 86 86 92 99 100 92 85 78 85 92 94 86 78 71 78 86 89 81 64 72 81 95 85 76 58 67 76 92 82 73 54 63 73 91 81 71 41 51 61 71 90 80 70 30 40 50 60 70 91 81 71 22 32 41 51 61 82 73 63 20 22 28 36 45 54 85 76 67 58 50 42 36 32 30 32 36 42 50 58 89 81 72 64 57 50 45 41 40 41 45 50 86 78 71 64 58 54 51 50 51
149 146 143 141 140 140 140 141 148 143 139 136 133 132 130 130 130 132 133 136 139 134 130 126 124 122 120 120 120 122 124 126 130 136 130 125 121 117 114 112 110 112 114 117 121 125 128 122 117 112 104 108 112 117 120 114 108 98 103 108 113 106 100 89 94 100 114 106 99 92 81 86 92 108 100 92 72 78 85 103 94 86 64 71 78 98 89 57 64 72 104 95 85 50 58 67 102 92 82 45 54 63 100 91 81 32 41 51 61 100 90 80 20 30 40 50 60 100 91 81 14 22 32 41 51 92 82 73 22 20 22 28 36 45 95 85 76 67 58 50 42 36 32 30 32 36 42 50 98 89 81 72 64 57 50 45 41 40 41 45 94 86 78 71 64 58 54 51 50
152 149 146 143 141 140 140 140 153 148 143 139 136 133 132 130 130 130 132 133 144 139 134 130 126 124 122 120 120 120 122 124 126 142 136 130 125 121 117 114 110 110 112 114 117 121 135 128 122 117 102 104 108 112 127 120 114 95 98 103 120 113 106 85 89 94 122 114 106 99 76 81 86 117 108 100 67 72 78 112 103 94 58 64 71 108 98 50 57 64 114 104 95 42 50 58 112 102 92 36 45 54 110 100 91 22 32 41 51 110 100 90 10 20 30 40 50 110 100 91 10 14 22 32 41 102 92 82 28 22 20 22 28 36 104 95 85 76 67 58 50 42 36 32 30 32 36 42 108 98 89 81 72 64 57 50 45 41 40 41 103 94 86 78 71 64 58 54 51
151 150 150 150 151 153 155 158 146 143 141 140 140 140 141 143 146 149 152 157 136 133 132 130 130 130 132 133 136 139 143 148 153 130 126 124 122 120 120 120 126 130 134 139 144 150 121 117 114 112 125 130 136 142 112 108 104 122 128 135 103 98 95 114 120 127 100 94 89 85 106 113 120 92 86 81 99 106 114 85 78 72 92 100 108 78 71 86 94 103 81 72 64 81 89 98 76 67 58 76 85 95 73 63 54 63 73 82 92 71 61 51 51 61 71 81 91 70 60 50 40 50 60 70 80 61 51 41 22 32 41 51 61 71 63 54 45 36 28 22 20 22 28 36 45 54 63 73 67 58 50 42 36 32 30 32 36 42 50 58 64 57 50 45 41 40 41 45 50
153 151 150 150 150 151 153 155 149 146 143 141 140 140 140 141 143 146 149 152 139 136 133 132 130 130 130 132 133 136 139 143 148 134 130 126 124 122 120 120 124 126 130 134 139 144 125 121 117 114 121 125 130 136 117 112 108 117 122 128 108 103 98 108 114 120 106 100 94 89 100 106 113 99 92 86 92 99 106 92 85 78 85 92 100 86 78 78 86 94 89 81 72 72 81 89 85 76 67 67 76 85 82 73 63 54 63 73 82 81 71 61 41 51 61 71 81 80 70 60 30 40 50 60 70 71 61 51 14 22 32 41 51 61 73 63 54 45 36 28 22 20 22 28 36 45 54 63 76 67 58 50 42 36 32 30 32 36 42 50 72 64 57 50 45 41 40 41 45
155 153 151 150 150 150 151 153 152 149 146 143 141 140 140 140 141 143 146 149 143 139 136 133 132 130 130 130 132 133 136 139 143 139 134 130 126 124 122 120 122 124 126 130 134 139 130 125 121 117 117 121 125 130 122 117 112 112 117 122 114 108 103 103 108 114 113 106 100 94 94 100 106 106 99 92 86 92 99 100 92 85 78 85 92 94 86 71 78 86 98 89 81 64 72 81 95 85 76 58 67 76 92 82 73 45 54 63 73 91 81 71 32 41 51 61 71 90 80 70 20 30 40 50 60 81 71 61 10 14 22 32 41 51 82 73 63 54 45 36 28 22 20 22 28 36 45 54 85 76 67 58 50 42 36 32 30 32 36 42 81 72 64 57 50 45 41 40 41
158 155 153 151 150 150 150 151 157 152 149 146 143 141 140 140 140 141 143 146 148 143 139 136 133 132 130 130 130 132 133 136 139 144 139 134 130 126 124 122 120 122 124 126 130 134 136 130 125 121 114 117 121 125 128 122 117 108 112 117 120 114 108 98 103 108 120 113 106 100 89 94 100 114 106 99 81 86 92 108 100 92 72 78 85 103 94 64 71 78 108 98 89 57 64 72 104 95 85 50 58 67 102 92 82 36 45 54 63 100 91 81 22 32 41 51 61 100 90 80 10 20 30 40 50 91 81 71 14 10 14 22 32 41 92 82 73 63 54 45 36 28 22 20 22 28 36 45 95 85 76 67 58 50 42 36 32 30 32 36 89 81 72 64 57 50 45 41 40
160 160 160 161 163 165 168 171 153 151 150 150 150 151 153 155 158 162 166 170 143 141 140 140 140 141 143 146 149 152 157 161 166 136 133 132 130 130 130 132 139 143 148 153 158 164 126 124 122 120 139 144 150 156 117 114 112 136 142 149 108 104 102 128 135 141 103 98 95 92 120 127 135 94 89 85 113 120 128 86 81 76 106 114 122 78 72 100 108 117 78 71 64 94 103 112 72 64 57 89 98 108 67 58 50 76 85 95 104 63 54 45 63 73 82 92 102 61 51 41 51 61 71 81 91 50 40 30 30 40 50 60 70 80 51 41 32 22 14 10 14 22 32 41 51 61 71 81 54 45 36 28 22 20 22 28 36 45 54 63 50 42 36 32 30 32 36 42 50
161 160 160 160 161 163 165 168 155 153 151 150 150 150 151 153 155 158 162 166 146 143 141 140 140 140 141 143 146 149 152 157 161 139 136 133 132 130 130 130 136 139 143 148 153 158 130 126 124 122 134 139 144 150 121 117 114 130 136 142 112 108 104 122 128 135 108 103 98 95 114 120 127 100 94 89 106 113 120 92 86 81 99 106 114 85 78 92 100 108 86 78 71 86 94 103 81 72 64 81 89 98 76 67 58 67 76 85 95 73 63 54 54 63 73 82 92 71 61 51 41 51 61 71 81 60 50 40 20 30 40 50 60 70 61 51 41 32 22 14 10 14 22 32 41 51 61 71 63 54 45 36 28 22 20 22 28 36 45 54 58 50 42 36 32 30 32 36 42
163 161 160 160 160 161 163 165 158 155 153 151 150 150 150 151 153 155 158 162 149 146 143 141 140 140 140 141 143 146 149 152 157 143 139 136 133 132 130 130 133 136 139 143 148 153 134 130 126 124 130 134 139 144 125 121 117 125 130 136 117 112 108 117 122 128 114 108 103 98 108 114 120 106 100 94 100 106 113 99 92 86 92 99 106 92 85 85 92 100 94 86 78 78 86 94 89 81 72 72 81 89 85 76 67 58 67 76 85 82 73 63 45 54 63 73 82 81 71 61 32 41 51 61 71 70 60 50 10 20 30 40 50 60 71 61 51 41 32 22 14 10 14 22 32 41 51 61 73 63 54 45 36 28 22 20 22 28 36 45 67 58 50 42 36 32 30 32 36
165 163 161 160 160 160 161 163 162 158 155 153 151 150 150 150 151 153 155 158 152 149 146 143 141 140 140 140 141 143 146 149 152 148 143 139 136 133 132 130 132 133 136 139 143 148 139 134 130 126 126 130 134 139 130 125 121 121 125 130 122 117 112 112 117 122 120 114 108 103 103 108 114 113 106 100 94 100 106 106 99 92 86 92 99 100 92 78 85 92 103 94 86 71 78 86 98 89 81 64 72 81 95 85 76 50 58 67 76 92 82 73 36 45 54 63 73 91 81 71 22 32 41 51 61 80 70 60 0 10 20 30 40 50 81 71 61 51 41 32 22 14 10 14 22 32 41 51 82 73 63 54 45 36 28 22 20 22 28 36 76 67 58 50 42 36 32 30 32
168 165 163 161 160 160 160 161 166 162 158 155 153 151 150 150 150 151 153 155 157 152 149 146 143 141 140 140 140 141 143 146 149 153 148 143 139 136 133 132 130 132 133 136 139 143 144 139 134 130 124 126 130 134 136 130 125 117 121 125 128 122 117 108 112 117 127 120 114 108 98 103 108 120 113 106 89 94 100 114 106 99 81 86 92 108 100 72 78 85 112 103 94 64 71 78 108 98 89 57 64 72 104 95 85 42 50 58 67 102 92 82 28 36 45 54 63 100 91 81 14 22 32 41 51 90 80 70 10 0 10 20 30 40 91 81 71 61 51 41 32 22 14 10 14 22 32 41 92 82 73 63 54 45 36 28 22 20 22 28 85 76 67 58 50 42 36 32 30
170 170 170 171 173 175 177 180 163 161 160 160 160 161 163 165 168 171 175 179 153 151 150 150 150 151 153 155 158 162 166 170 175 146 143 141 140 140 140 141 149 152 157 161 166 172 136 133 132 130 148 153 158 164 126 124 122 144 150 156 117 114 112 136 142 149 112 108 104 102 128 135 141 103 98 95 120 127 135 94 89 85 113 120 128 86 81 106 114 122 85 78 72 100 108 117 78 71 64 94 103 112 72 64 57 81 89 98 108 67 58 50 67 76 85 95 104 63 54 45 54 63 73 82 92 51 41 32 32 41 51 61 71 81 50 40 30 20 10 0 10 20 30 40 50 60 70 80 51 41 32 22 14 10 14 22 32 41 51 61 45 36 28 22 20 22 28 36 45
171 170 170 170 171 173 175 177 165 163 161 160 160 160 161 163 165 168 171 175 155 153 151 150 150 150 151 153 155 158 162 166 170 149 146 143 141 140 140 140 146 149 152 157 161 166 139 136 133 132 143 148 153 158 130 126 124 139 144 150 121 117 114 130 136 142 117 112 108 104 122 128 135 108 103 98 114 120 127 100 94 89 106 113 120 92 86 99 106 114 92 85 78 92 100 108 86 78 71 86 94 103 81 72 64 72 81 89 98 76 67 58 58 67 76 85 95 73 63 54 45 54 63 73 82 61 51 41 22 32 41 51 61 71 60 50 40 30 20 10 0 10 20 30 40 50 60 70 61 51 41 32 22 14 10 14 22 32 41 51 54 45 36 28 22 20 22 28 36
173 171 170 170 170 171 173 175 168 165 163 161 160 160 160 161 163 165 168 171 158 155 153 151 150 150 150 151 153 155 158 162 166 152 149 146 143 141 140 140 143 146 149 152 157 161 143 139 136 133 139 143 148 153 134 130 126 134 139 144 125 121 117 125 130 136 122 117 112 108 117 122 128 114 108 103 108 114 120 106 100 94 100 106 113 99 92 92 99 106 100 92 85 85 92 100 94 86 78 78 86 94 89 81 72 64 72 81 89 85 76 67 50 58 67 76 85 82 73 63 36 45 54 63 73 71 61 51 14 22 32 41 51 61 70 60 50 40 30 20 10 0 10 20 30 40 50 60 71 61 51 41 32 22 14 10 14 22 32 41 63 54 45 36 28 22 20 22 28
175 173 171 170 170 170 171 173 171 168 165 163 161 160 160 160 161 163 165 168 162 158 155 153 151 150 150 150 151 153 155 158 162 157 152 149 146 143 141 140 141 143 146 149 152 157 148 143 139 136 136 139 143 148 139 134 130 130 134 139 130 125 121 121 125 130 128 122 117 112 112 117 122 120 114 108 103 108 114 113 106 100 94 100 106 106 99 86 92 99 108 100 92 78 85 92 103 94 86 71 78 86 98 89 81 57 64 72 81 95 85 76 42 50 58 67 76 92 82 73 28 36 45 54 63 81 71 61 10 14 22 32 41 51 80 70 60 50 40 30 20 10 0 10 20 30 40 50 81 71 61 51 41 32 22 14 10 14 22 32 73 63 54 45 36 28 22 20 22
180 180 181 182 184 187 190 193 171 170 170 170 171 173 175 177 180 184 188 192 161 160 160 160 161 163 165 168 171 175 179 184 189 153 151 150 150 150 151 153 162 166 170 175 180 186 143 141 140 140 161 166 172 178 133 132 130 158 164 170 124 122 120 150 156 163 117 114 112 110 142 149 156 108 104 102 135 141 149 98 95 92 127 135 142 89 85 120 128 136 86 81 76 114 122 130 78 72 67 108 117 125 71 64 58 94 103 112 121 64 57 50 81 89 98 108 117 58 50 42 67 76 85 95 104 45 36 28 45 54 63 73 82 92 41 32 22 14 10 14 22 32 41 51 61 71 81 91 40 30 20 10 0 10 20 30 40 50 60 70 32 22 14 10 14 22 32 41 51
180 180 180 181 182 184 187 190 173 171 170 170 170 171 173 175 177 180 184 188 163 161 160 160 160 161 163 165 168 171 175 179 184 155 153 151 150 150 150 151 158 162 166 170 175 180 146 143 141 140 157 161 166 172 136 133 132 153 158 164 126 124 122 144 150 156 121 117 114 112 136 142 149 112 108 104 128 135 141 103 98 95 120 127 135 94 89 113 120 128 92 86 81 106 114 122 85 78 72 100 108 117 78 71 64 86 94 103 112 72 64 57 72 81 89 98 108 67 58 50 58 67 76 85 95 54 45 36 36 45 54 63 73 82 51 41 32 22 14 10 14 22 32 41 51 61 71 81 50 40 30 20 10 0 10 20 30 40 50 60 41 32 22 14 10 14 22 32 41
181 180 180 180 181 182 184 187 175 173 171 170 170 170 171 173 175 177 180 184 165 163 161 160 160 160 161 163 165 168 171 175 179 158 155 153 151 150 150 150 155 158 162 166 170 175 149 146 143 141 152 157 161 166 139 136 133 148 153 158 130 126 124 139 144 150 125 121 117 114 130 136 142 117 112 108 122 128 135 108 103 98 114 120 127 100 94 106 113 120 99 92 86 99 106 114 92 85 78 92 100 108 86 78 71 78 86 94 103 81 72 64 64 72 81 89 98 76 67 58 50 58 67 76 85 63 54 45 28 36 45 54 63 73 61 51 41 32 22 14 10 14 22 32 41 51 61 71 60 50 40 30 20 10 0 10 20 30 40 50 51 41 32 22 14 10 14 22 32
182 181 180 180 180 181 182 184 177 175 173 171 170 170 170 171 173 175 177 180 168 165 163 161 160 160 160 161 163 165 168 171 175 162 158 155 153 151 150 150 153 155 158 162 166 170 152 149 146 143 149 152 157 161 143 139 136 143 148 153 134 130 126 134 139 144 130 125 121 117 125 130 136 122 117 112 117 122 128 114 108 103 108 114 120 106 100 100 106 113 106 99 92 92 99 106 100 92 85 85 92 100 94 86 78 71 78 86 94 89 81 72 57 64 72 81 89 85 76 67 42 50 58 67 76 73 63 54 22 28 36 45 54 63 71 61 51 41 32 22 14 10 14 22 32 41 51 61 70 60 50 40 30 20 10 0 10 20 30 40 61 51 41 32 22 14 10 14 22
184 182 181 180 180 180 181 182 180 177 175 173 171 170 170 170 171 173 175 177 171 168 165 163 161 160 160 160 161 163 165 168 171 166 162 158 155 153 151 150 151 153 155 158 162 166 157 152 149 146 146 149 152 157 148 143 139 139 143 148 139 134 130 130 134 139 136 130 125 121 121 125 130 128 122 117 112 117 122 120 114 108 103 108 114 113 106 94 100 106 114 106 99 86 92 99 108 100 92 78 85 92 103 94 86 64 71 78 86 98 89 81 50 57 64 72 81 95 85 76 36 42 50 58 67 82 73 63 20 22 28 36 45 54 81 71 61 51 41 32 22 14 10 14 22 32 41 51 80 70 60 50 40 30 20 10 0 10 20 30 71 61 51 41 32 22 14 10 14
190 190 191 192 194 196 199 202 181 180 180 180 181 182 184 187 190 193 197 201 171 170 170 170 171 173 175 177 180 184 188 192 197 163 161 160 160 160 161 163 171 175 179 184 189 194 153 151 150 150 170 175 180 186 143 141 140 166 172 178 133 132 130 158 164 170 126 124 122 120 150 156 163 117 114 112 142 149 156 108 104 102 135 141 149 98 95 127 135 142 94 89 85 120 128 136 86 81 76 114 122 130 78 72 67 100 108 117 125 71 64 58 86 94 103 112 121 64 57 50 72 81 89 98 108 50 42 36 50 58 67 76 85 95 45 36 28 22 20 22 28 36 45 54 63 73 82 92 41 32 22 14 10 14 22 32 41 51 61 71 30 20 10 0 10 20 30 40 50
190 190 190 191 192 194 196 199 182 181 180 180 180 181 182 184 187 190 193 197 173 171 170 170 170 171 173 175 177 180 184 188 192 165 163 161 160 160 160 161 168 171 175 179 184 189 155 153 151 150 166 170 175 180 146 143 141 161 166 172 136 133 132 153 158 164 130 126 124 122 144 150 156 121 117 114 136 142 149 112 108 104 128 135 141 103 98 120 127 135 100 94 89 113 120 128 92 86 81 106 114 122 85 78 72 92 100 108 117 78 71 64 78 86 94 103 112 72 64 57 64 72 81 89 98 58 50 42 42 50 58 67 76 85 54 45 36 28 22 20 22 28 36 45 54 63 73 82 51 41 32 22 14 10 14 22 32 41 51 61 40 30 20 10 0 10 20 30 40
191 190 190 190 191 192 194 196 184 182 181 180 180 180 181 182 184 187 190 193 175 173 171 170 170 170 171 173 175 177 180 184 188 168 165 163 161 160 160 160 165 168 171 175 179 184 158 155 153 151 162 166 170 175 149 146 143 157 161 166 139 136 133 148 153 158 134 130 126 124 139 144 150 125 121 117 130 136 142 117 112 108 122 128 135 108 103 114 120 127 106 100 94 106 113 120 99 92 86 99 106 114 92 85 78 85 92 100 108 86 78 71 71 78 86 94 103 81 72 64 57 64 72 81 89 67 58 50 36 42 50 58 67 76 63 54 45 36 28 22 20 22 28 36 45 54 63 73 61 51 41 32 22 14 10 14 22 32 41 51 50 40 30 20 10 0 10 20 30
192 191 190 190 190 191 192 194 187 184 182 181 180 180 180 181 182 184 187 190 177 175 173 171 170 170 170 171 173 175 177 180 184 171 168 165 163 161 160 160 163 165 168 171 175 179 162 158 155 153 158 162 166 170 152 149 146 152 157 161 143 139 136 143 148 153 139 134 130 126 134 139 144 130 125 121 125 130 136 122 117 112 117 122 128 114 108 108 114 120 113 106 100 100 106 113 106 99 92 92 99 106 100 92 85 78 85 92 100 94 86 78 64 71 78 86 94 89 81 72 50 57 64 72 81 76 67 58 32 36 42 50 58 67 73 63 54 45 36 28 22 20 22 28 36 45 54 63 71 61 51 41 32 22 14 10 14 22 32 41 60 50 40 30 20 10 0 10 20
200 201 202 204 206 209 212 215 190 190 190 191 192 194 196 199 202 206 210 215 180 180 180 181 182 184 187 190 193 197 201 206 211 171 170 170 170 171 173 175 184 188 192 197 202 208 161 160 160 160 184 189 194 200 151 150 150 180 186 192 141 140 140 172 178 184 133 132 130 130 164 170 177 124 122 120 156 163 170 114 112 110 149 156 163 104 102 141 149 156 98 95 92 135 142 150 89 85 82 128 136 144 81 76 73 114 122 130 139 72 67 63 100 108 117 125 134 64 58 54 86 94 103 112 121 50 45 41 64 72 81 89 98 108 42 36 32 30 32 36 42 50 58 67 76 85 95 104 36 28 22 20 22 28 36 45 54 63 73 82 22 14 10 14 22 32 41 51 61
200 200 201 202 204 206 209 212 191 190 190 190 191 192 194 196 199 202 206 210 181 180 180 180 181 182 184 187 190 193 197 201 206 173 171 170 170 170 171 173 180 184 188 192 197 202 163 161 160 160 179 184 189 194 153 151 150 175 180 186 143 141 140 166 172 178 136 133 132 130 158 164 170 126 124 122 150 156 163 117 114 112 142 149 156 108 104 135 141 149 103 98 95 127 135 142 94 89 85 120 128 136 86 81 76 106 114 122 130 78 72 67 92 100 108 117 125 71 64 58 78 86 94 103 112 57 50 45 57 64 72 81 89 98 50 42 36 32 30 32 36 42 50 58 67 76 85 95 45 36 28 22 20 22 28 36 45 54 63 73 32 22 14 10 14 22 32 41 51
200 200 200 201 202 204 206 209 192 191 190 190 190 191 192 194 196 199 202 206 182 181 180 180 180 181 182 184 187 190 193 197 201 175 173 171 170 170 170 171 177 180 184 188 192 197 165 163 161 160 175 179 184 189 155 153 151 170 175 180 146 143 141 161 166 172 139 136 133 132 153 158 164 130 126 124 144 150 156 121 117 114 136 142 149 112 108 128 135 141 108 103 98 120 127 135 100 94 89 113 120 128 92 86 81 99 106 114 122 85 78 72 85 92 100 108 117 78 71 64 71 78 86 94 103 64 57 50 50 57 64 72 81 89 58 50 42 36 32 30 32 36 42 50 58 67 76 85 54 45 36 28 22 20 22 28 36 45 54 63 41 32 22 14 10 14 22 32 41
201 200 200 200 201 202 204 206 194 192 191 190 190 190 191 192 194 196 199 202 184 182 181 180 180 180 181 182 184 187 190 193 197 177 175 173 171 170 170 170 175 177 180 184 188 192 168 165 163 161 171 175 179 184 158 155 153 166 170 175 149 146 143 157 161 166 143 139 136 133 148 153 158 134 130 126 139 144 150 125 121 117 130 136 142 117 112 122 128 135 114 108 103 114 120 127 106 100 94 106 113 120 99 92 86 92 99 106 114 92 85 78 78 85 92 100 108 86 78 71 64 71 78 86 94 72 64 57 45 50 57 64 72 81 67 58 50 42 36 32 30 32 36 42 50 58 67 76 63 54 45 36 28 22 20 22 28 36 45 54 51 41 32 22 14 10 14 22 32
202 201 200 200 200 201 202 204 196 194 192 191 190 190 190 191 192 194 196 199 187 184 182 181 180 180 180 181 182 184 187 190 193 180 177 175 173 171 170 170 173 175 177 180 184 188 171 168 165 163 168 171 175 179 162 158 155 162 166 170 152 149 146 152 157 161 148 143 139 136 143 148 153 139 134 130 134 139 144 130 125 121 125 130 136 122 117 117 122 128 120 114 108 108 114 120 113 106 100 100 106 113 106 99 92 86 92 99 106 100 92 85 72 78 85 92 100 94 86 78 58 64 71 78 86 81 72 64 41 45 50 57 64 72 76 67 58 50 42 36 32 30 32 36 42 50 58 67 73 63 54 45 36 28 22 20 22 28 36 45 61 51 41 32 22 14 10 14 22
210 211 212 214 216 218 221 225 200 200 200 201 202 204 206 209 212 215 219 224 190 190 190 191 192 194 196 199 202 206 210 215 220 181 180 180 180 181 182 184 193 197 201 206 211 216 171 170 170 170 192 197 202 208 161 160 160 189 194 200 151 150 150 180 186 192 143 141 140 140 172 178 184 133 132 130 164 170 177 124 122 120 156 163 170 114 112 149 156 163 108 104 102 141 149 156 98 95 92 135 142 150 89 85 82 120 128 136 144 81 76 73 106 114 122 130 139 72 67 63 92 100 108 117 125 58 54 51 71 78 86 94 103 112 50 45 41 40 41 45 50 57 64 72 81 89 98 108 42 36 32 30 32 36 42 50 58 67 76 85 28 22 20 22 28 36 45 54 63
210 210 211 212 214 216 218 221 201 200 200 200 201 202 204 206 209 212 215 219 191 190 190 190 191 192 194 196 199 202 206 210 215 182 181 180 180 180 181 182 190 193 197 201 206 211 173 171 170 170 188 192 197 202 163 161 160 184 189 194 153 151 150 175 180 186 146 143 141 140 166 172 178 136 133 132 158 164 170 126 124 122 150 156 163 117 114 142 149 156 112 108 104 135 141 149 103 98 95 127 135 142 94 89 85 113 120 128 136 86 81 76 99 106 114 122 130 78 72 67 85 92 100 108 117 64 58 54 64 71 78 86 94 103 57 50 45 41 40 41 45 50 57 64 72 81 89 98 50 42 36 32 30 32 36 42 50 58 67 76 36 28 22 20 22 28 36 45 54
210 210 210 211 212 214 216 218 202 201 200 200 200 201 202 204 206 209 212 215 192 191 190 190 190 191 192 194 196 199 202 206 210 184 182 181 180 180 180 181 187 190 193 197 201 206 175 173 171 170 184 188 192 197 165 163 161 179 184 189 155 153 151 170 175 180 149 146 143 141 161 166 172 139 136 133 153 158 164 130 126 124 144 150 156 121 117 136 142 149 117 112 108 128 135 141 108 103 98 120 127 135 100 94 89 106 113 120 128 92 86 81 92 99 106 114 122 85 78 72 78 85 92 100 108 71 64 58 58 64 71 78 86 94 64 57 50 45 41 40 41 45 50 57 64 72 81 89 58 50 42 36 32 30 32 36 42 50 58 67 45 36 28 22 20 22 28 36 45
211 210 210 210 211 212 214 216 204 202 201 200 200 200 201 202 204 206 209 212 194 192 191 190 190 190 191 192 194 196 199 202 206 187 184 182 181 180 180 180 184 187 190 193 197 201 177 175 173 171 180 184 188 192 168 165 163 175 179 184 158 155 153 166 170 175 152 149 146 143 157 161 166 143 139 136 148 153 158 134 130 126 139 144 150 125 121 130 136 142 122 117 112 122 128 135 114 108 103 114 120 127 106 100 94 100 106 113 120 99 92 86 86 92 99 106 114 92 85 78 72 78 85 92 100 78 71 64 54 58 64 71 78 86 72 64 57 50 45 41 40 41 45 50 57 64 72 81 67 58 50 42 36 32 30 32 36 42 50 58 54 45 36 28 22 20 22 28 36
212 211 210 210 210 211 212 214 206 204 202 201 200 200 200 201 202 204 206 209 196 194 192 191 190 190 190 191 192 194 196 199 202 190 187 184 182 181 180 180 182 184 187 190 193 197 180 177 175 173 177 180 184 188 171 168 165 171 175 179 162 158 155 162 166 170 157 152 149 146 152 157 161 148 143 139 143 148 153 139 134 130 134 139 144 130 125 125 130 136 128 122 117 117 122 128 120 114 108 108 114 120 113 106 100 94 100 106 113 106 99 92 81 86 92 99 106 100 92 85 67 72 78 85 92 86 78 71 51 54 58 64 71 78 81 72 64 57 50 45 41 40 41 45 50 57 64 72 76 67 58 50 42 36 32 30 32 36 42 50 63 54 45 36 28 22 20 22 28
220 221 222 224 226 228 231 234 210 210 210 211 212 214 216 218 221 225 228 233 200 200 200 201 202 204 206 209 212 215 219 224 228 191 190 190 190 191 192 194 202 206 210 215 220 225 181 180 180 180 201 206 211 216 171 170 170 197 202 208 161 160 160 189 194 200 153 151 150 150 180 186 192 143 141 140 172 178 184 133 132 130 164 170 177 124 122 156 163 170 117 114 112 149 156 163 108 104 102 141 149 156 98 95 92 127 135 142 150 89 85 82 113 120 128 136 144 81 76 73 99 106 114 122 130 67 63 61 78 85 92 100 108 117 58 54 51 50 51 54 58 64 71 78 86 94 103 112 50 45 41 40 41 45 50 57 64 72 81 89 36 32 30 32 36 42 50 58 67
220 220 221 222 224 226 228 231 211 210 210 210 211 212 214 216 218 221 225 228 201 200 200 200 201 202 204 206 209 212 215 219 224 192 191 190 190 190 191 192 199 202 206 210 215 220 182 181 180 180 197 201 206 211 173 171 170 192 197 202 163 161 160 184 189 194 155 153 151 150 175 180 186 146 143 141 166 172 178 136 133 132 158 164 170 126 124 150 156 163 121 117 114 142 149 156 112 108 104 135 141 149 103 98 95 120 127 135 142 94 89 85 106 113 120 128 136 86 81 76 92 99 106 114 122 72 67 63 72 78 85 92 100 108 64 58 54 51 50 51 54 58 64 71 78 86 94 103 57 50 45 41 40 41 45 50 57 64 72 81 42 36 32 30 32 36 42 50 58
220 220 220 221 222 224 226 228 212 211 210 210 210 211 212 214 216 218 221 225 202 201 200 200 200 201 202 204 206 209 212 215 219 194 192 191 190 190 190 191 196 199 202 206 210 215 184 182 181 180 193 197 201 206 175 173 171 188 192 197 165 163 161 179 184 189 158 155 153 151 170 175 180 149 146 143 161 166 172 139 136 133 153 158 164 130 126 144 150 156 125 121 117 136 142 149 117 112 108 128 135 141 108 103 98 114 120 127 135 100 94 89 100 106 113 120 128 92 86 81 86 92 99 106 114 78 72 67 67 72 78 85 92 100 71 64 58 54 51 50 51 54 58 64 71 78 86 94 64 57 50 45 41 40 41 45 50 57 64 72 50 42 36 32 30 32 36 42 50
221 220 220 220 221 222 224 226 214 212 211 210 210 210 211 212 214 216 218 221 204 202 201 200 200 200 201 202 204 206 209 212 215 196 194 192 191 190 190 190 194 196 199 202 206 210 187 184 182 181 190 193 197 201 177 175 173 184 188 192 168 165 163 175 179 184 162 158 155 153 166 170 175 152 149 146 157 161 166 143 139 136 148 153 158 134 130 139 144 150 130 125 121 130 136 142 122 117 112 122 128 135 114 108 103 108 114 120 127 106 100 94 94 100 106 113 120 99 92 86 81 86 92 99 106 85 78 72 63 67 72 78 85 92 78 71 64 58 54 51 50 51 54 58 64 71 78 86 72 64 57 50 45 41 40 41 45 50 57 64 58 50 42 36 32 30 32 36 42
