135 148
1038 9063 6325 1510 708 3634 236 802 11093 11801 7977 708 10385 11376 1746 944 8921 11942 6939 6561 11942 4720 3304 11942 11942 991 2029 11990 8166 613 1038 7222 11942 4531 2029 10904 11990 4342 7694 12037 9629 519 4909 11990 7458 7647 11942 8402 236 424 6183 11187 11942 7647 11942 11942 9016 8260 3304 3304 3304 3304 6278 9299 11942 11942 7977 2407 10762 11942 11942 11990 11942 11942 11942 11942 11990 11942 11942 10337 1652 802 3068 6467 11990 10951 6467 6467 6467 2077 11942 11942 7600 1604 11990 9724 991 7552 11942 3257 4012 11990 11376 2360 7458 11990 7788 10904 11518 2360 4909 11990 10951 9818 11942 7411 613 1416 9818 11942 7269 4295 9629 7600 9818 11942 11990 11942 7269 1368 2879 8969 6042 1085 283
2787 6358 9972 11105 8927 5226 1045 8622 10974 11018 9798 9406 10234 10974 3875 871 8927 11018 9711 3048 653 1262 8971 7577 87 3788 1654 43 5966 11018 9885 261 1524 1219 3309 11018 11018 391 3832 10931 10234 522 1829 10364 11018 7577 43 5835 11018 8361 609 10364 11018 7011 7359 11018 3222 3701 10756 11018 3266 435 10887 11018 2046 261 9537 11018 10495 1350 435 11018 11018 2046 217 3135 11018 11018 6227 261 9624 11018 5095 1088 5138 11018 11018 11018 2046 1219 10539 11061 8143 4529 6358 6924 9581 10626 10408 11061 9755 783 3396 8753 11018 11018 10800 9363 6793 2917 10756 11018 6837 217 2438 2438 2177 1654 11018 11018 3222 2874 11018 11018 783 6488 11018 11018 783 1306 10364 11018 8318 174 2874 11018 11018 4877 3788 11018 10626 130 7403 11018 8622 11061 11018 6488
22 32 41 51 61 71 20 22 28 36 45 54 63 73 82 32 30 32 36 42 50 67 76 85 95 104 114 124 41 40 41 45 81 89 98 108 117 126 54 51 50 51 94 103 112 121 130 63 61 60 100 108 117 125 73 71 70 106 114 122 130 85 82 81 80 106 113 120 128 136 95 92 91 90 108 114 120 127 135 104 102 100 100 112 117 122 128 135 141 112 110 110 110 112 114 117 121 125 130 136 142 149 120 120 120 122 124 126 130 134 139 144 150 130 130 132 133 143 148 153 158 152 157 161 166 162 166 170 175 168 171 175 179 184 177 180 184 188 187 190 193 197 196 199 202 206 209 212
14 22 32 41 51 61 22 20 22 28 36 45 54 63 73 36 32 30 32 36 42 58 67 76 85 95 104 114 45 41 40 41 72 81 89 98 108 117 58 54 51 50 86 94 103 112 121 67 63 61 92 100 108 117 76 73 71 99 106 114 122 89 85 82 81 100 106 113 120 128 98 95 92 91 103 108 114 120 127 108 104 102 100 108 112 117 122 128 135 114 112 110 110 110 112 114 117 121 125 130 136 142 122 120 120 120 122 124 126 130 134 139 144 130 130 130 132 139 143 148 153 149 152 157 161 158 162 166 170 165 168 171 175 179 175 177 180 184 184 187 190 193 194 196 199 204 206 209
10 14 22 32 41 51 28 22 20 22 28 36 45 54 63 42 36 32 30 32 36 50 58 67 76 85 95 104 50 45 41 40 64 72 81 89 98 108 64 58 54 51 78 86 94 103 112 72 67 63 85 92 100 108 81 76 73 92 99 106 114 94 89 85 82 94 100 106 113 120 103 98 95 92 98 103 108 114 120 112 108 104 102 104 108 112 117 122 128 117 114 112 110 110 110 112 114 117 121 125 130 136 124 122 120 120 120 122 124 126 130 134 139 132 130 130 130 136 139 143 148 146 149 152 157 155 158 162 166 163 165 168 171 175 173 175 177 180 182 184 187 190 192 194 196 202 204 206
14 10 14 22 32 41 36 28 22 20 22 28 36 45 54 50 42 36 32 30 32 42 50 58 67 76 85 95 57 50 45 41 57 64 72 81 89 98 71 64 58 54 71 78 86 94 103 78 72 67 78 85 92 100 86 81 76 86 92 99 106 100 94 89 85 89 94 100 106 113 108 103 98 95 95 98 103 108 114 117 112 108 104 102 104 108 112 117 122 121 117 114 112 110 110 110 112 114 117 121 125 130 126 124 122 120 120 120 122 124 126 130 134 133 132 130 130 133 136 139 143 143 146 149 152 153 155 158 162 161 163 165 168 171 171 173 175 177 181 182 184 187 191 192 194 201 202 204
100 91 81 71 61 51 122 112 102 92 82 73 63 54 45 133 124 114 104 95 85 67 58 50 42 36 32 30 136 126 117 108 64 57 50 45 41 40 149 139 130 121 64 58 54 51 50 152 143 134 72 67 63 61 157 148 139 81 76 73 71 170 161 153 144 94 89 85 82 81 175 166 158 150 108 103 98 95 92 180 172 164 156 122 117 112 108 104 102 178 170 163 156 149 142 136 130 125 121 117 114 112 177 170 163 156 150 144 139 134 130 126 124 177 170 164 158 143 139 136 133 152 149 146 143 162 158 155 153 175 171 168 165 163 184 180 177 175 193 190 187 184 202 199 196 212 209 206
110 100 91 81 71 61 132 122 112 102 92 82 73 63 54 143 133 124 114 104 95 76 67 58 50 42 36 32 146 136 126 117 72 64 57 50 45 41 158 149 139 130 71 64 58 54 51 162 152 143 78 72 67 63 166 157 148 86 81 76 73 179 170 161 153 100 94 89 85 82 184 175 166 158 114 108 103 98 95 189 180 172 164 128 122 117 112 108 104 186 178 170 163 156 149 142 136 130 125 121 117 114 184 177 170 163 156 150 144 139 134 130 126 184 177 170 164 148 143 139 136 157 152 149 146 166 162 158 155 179 175 171 168 165 188 184 180 177 197 193 190 187 206 202 199 215 212 209
120 110 100 91 81 71 141 132 122 112 102 92 82 73 63 153 143 133 124 114 104 85 76 67 58 50 42 36 155 146 136 126 81 72 64 57 50 45 168 158 149 139 78 71 64 58 54 171 162 152 85 78 72 67 175 166 157 92 86 81 76 188 179 170 161 106 100 94 89 85 192 184 175 166 120 114 108 103 98 197 189 180 172 135 128 122 117 112 108 194 186 178 170 163 156 149 142 136 130 125 121 117 192 184 177 170 163 156 150 144 139 134 130 191 184 177 170 153 148 143 139 161 157 152 149 170 166 162 158 184 179 175 171 168 192 188 184 180 201 197 193 190 210 206 202 219 215 212
30 40 50 60 70 80 14 22 32 41 51 61 71 81 91 20 22 28 36 45 54 73 82 92 102 112 122 132 30 32 36 42 85 95 104 114 124 133 41 40 41 45 98 108 117 126 136 51 50 51 103 112 121 130 61 60 61 108 117 125 134 73 71 70 71 106 114 122 130 139 82 81 80 81 106 113 120 128 136 92 91 90 91 108 114 120 127 135 142 100 100 100 102 104 108 112 117 122 128 135 141 149 110 110 112 114 117 121 125 130 136 142 149 120 122 124 126 139 144 150 156 148 153 158 164 157 161 166 172 162 166 170 175 180 171 175 179 184 180 184 188 192 190 193 197 199 202 206
20 30 40 50 60 70 10 14 22 32 41 51 61 71 81 22 20 22 28 36 45 63 73 82 92 102 112 122 32 30 32 36 76 85 95 104 114 124 45 41 40 41 89 98 108 117 126 54 51 50 94 103 112 121 63 61 60 100 108 117 125 76 73 71 70 99 106 114 122 130 85 82 81 80 100 106 113 120 128 95 92 91 90 103 108 114 120 127 135 102 100 100 100 102 104 108 112 117 122 128 135 141 110 110 110 112 114 117 121 125 130 136 142 120 120 122 124 134 139 144 150 143 148 153 158 152 157 161 166 158 162 166 170 175 168 171 175 179 177 180 184 188 187 190 193 196 199 202
10 20 30 40 50 60 14 10 14 22 32 41 51 61 71 28 22 20 22 28 36 54 63 73 82 92 102 112 36 32 30 32 67 76 85 95 104 114 50 45 41 40 81 89 98 108 117 58 54 51 86 94 103 112 67 63 61 92 100 108 117 81 76 73 71 92 99 106 114 122 89 85 82 81 94 100 106 113 120 98 95 92 91 98 103 108 114 120 127 104 102 100 100 100 102 104 108 112 117 122 128 135 112 110 110 110 112 114 117 121 125 130 136 120 120 120 122 130 134 139 144 139 143 148 153 149 152 157 161 155 158 162 166 170 165 168 171 175 175 177 180 184 184 187 190 194 196 199
0 10 20 30 40 50 22 14 10 14 22 32 41 51 61 36 28 22 20 22 28 45 54 63 73 82 92 102 42 36 32 30 58 67 76 85 95 104 57 50 45 41 72 81 89 98 108 64 58 54 78 86 94 103 72 67 63 85 92 100 108 86 81 76 73 86 92 99 106 114 94 89 85 82 89 94 100 106 113 103 98 95 92 95 98 103 108 114 120 108 104 102 100 100 100 102 104 108 112 117 122 128 114 112 110 110 110 112 114 117 121 125 130 122 120 120 120 126 130 134 139 136 139 143 148 146 149 152 157 153 155 158 162 166 163 165 168 171 173 175 177 180 182 184 187 192 194 196
90 80 70 60 50 40 110 100 91 81 71 61 51 41 32 122 112 102 92 82 73 54 45 36 28 22 20 22 124 114 104 95 50 42 36 32 30 32 136 126 117 108 50 45 41 40 41 139 130 121 58 54 51 50 143 134 125 67 63 61 60 157 148 139 130 81 76 73 71 70 161 153 144 136 94 89 85 82 81 166 158 150 142 108 103 98 95 92 91 164 156 149 141 135 128 122 117 112 108 104 102 100 163 156 149 142 136 130 125 121 117 114 112 163 156 150 144 130 126 124 122 139 136 133 132 149 146 143 141 162 158 155 153 151 171 168 165 163 180 177 175 173 190 187 184 199 196 194
100 90 80 70 60 50 120 110 100 91 81 71 61 51 41 132 122 112 102 92 82 63 54 45 36 28 22 20 133 124 114 104 58 50 42 36 32 30 146 136 126 117 57 50 45 41 40 149 139 130 64 58 54 51 152 143 134 72 67 63 61 166 157 148 139 86 81 76 73 71 170 161 153 144 100 94 89 85 82 175 166 158 150 114 108 103 98 95 92 172 164 156 149 141 135 128 122 117 112 108 104 102 170 163 156 149 142 136 130 125 121 117 114 170 163 156 150 134 130 126 124 143 139 136 133 152 149 146 143 166 162 158 155 153 175 171 168 165 184 180 177 175 193 190 187 202 199 196
110 100 90 80 70 60 130 120 110 100 91 81 71 61 51 141 132 122 112 102 92 73 63 54 45 36 28 22 143 133 124 114 67 58 50 42 36 32 155 146 136 126 64 57 50 45 41 158 149 139 71 64 58 54 162 152 143 78 72 67 63 175 166 157 148 92 86 81 76 73 179 170 161 153 106 100 94 89 85 184 175 166 158 120 114 108 103 98 95 180 172 164 156 149 141 135 128 122 117 112 108 104 178 170 163 156 149 142 136 130 125 121 117 177 170 163 156 139 134 130 126 148 143 139 136 157 152 149 146 170 166 162 158 155 179 175 171 168 188 184 180 177 197 193 190 206 202 199
120 110 100 90 80 70 140 130 120 110 100 91 81 71 61 151 141 132 122 112 102 82 73 63 54 45 36 28 153 143 133 124 76 67 58 50 42 36 165 155 146 136 72 64 57 50 45 168 158 149 78 71 64 58 171 162 152 85 78 72 67 184 175 166 157 99 92 86 81 76 188 179 170 161 113 106 100 94 89 192 184 175 166 127 120 114 108 103 98 189 180 172 164 156 149 141 135 128 122 117 112 108 186 178 170 163 156 149 142 136 130 125 121 184 177 170 163 144 139 134 130 153 148 143 139 161 157 152 149 175 170 166 162 158 184 179 175 171 192 188 184 180 201 197 193 210 206 202
41 51 61 71 81 91 20 30 40 50 60 70 80 90 100 14 22 32 41 51 61 81 91 100 110 120 130 140 22 28 36 45 92 102 112 122 132 141 30 32 36 42 104 114 124 133 143 40 41 45 108 117 126 136 50 51 54 112 121 130 139 61 60 61 63 108 117 125 134 143 71 70 71 73 106 114 122 130 139 81 80 81 82 106 113 120 128 136 144 90 91 92 95 98 103 108 114 120 127 135 142 150 100 102 104 108 112 117 122 128 135 141 149 112 114 117 121 136 142 149 156 144 150 156 163 153 158 164 170 157 161 166 172 178 166 170 175 180 175 179 184 189 184 188 192 193 197 201
32 41 51 61 71 81 10 20 30 40 50 60 70 80 90 10 14 22 32 41 51 71 81 91 100 110 120 130 20 22 28 36 82 92 102 112 122 132 32 30 32 36 95 104 114 124 133 41 40 41 98 108 117 126 51 50 51 103 112 121 130 63 61 60 61 100 108 117 125 134 73 71 70 71 99 106 114 122 130 82 81 80 81 100 106 113 120 128 136 91 90 91 92 95 98 103 108 114 120 127 135 142 100 100 102 104 108 112 117 122 128 135 141 110 112 114 117 130 136 142 149 139 144 150 156 148 153 158 164 152 157 161 166 172 162 166 170 175 171 175 179 184 180 184 188 190 193 197
22 32 41 51 61 71 0 10 20 30 40 50 60 70 80 14 10 14 22 32 41 61 71 81 91 100 110 120 22 20 22 28 73 82 92 102 112 122 36 32 30 32 85 95 104 114 124 45 41 40 89 98 108 117 54 51 50 94 103 112 121 67 63 61 60 92 100 108 117 125 76 73 71 70 92 99 106 114 122 85 82 81 80 94 100 106 113 120 128 92 91 90 91 92 95 98 103 108 114 120 127 135 100 100 100 102 104 108 112 117 122 128 135 110 110 112 114 125 130 136 142 134 139 144 150 143 148 153 158 149 152 157 161 166 158 162 166 170 168 171 175 179 177 180 184 187 190 193
14 22 32 41 51 61 10 0 10 20 30 40 50 60 70 22 14 10 14 22 32 51 61 71 81 91 100 110 28 22 20 22 63 73 82 92 102 112 42 36 32 30 76 85 95 104 114 50 45 41 81 89 98 108 58 54 51 86 94 103 112 72 67 63 61 85 92 100 108 117 81 76 73 71 86 92 99 106 114 89 85 82 81 89 94 100 106 113 120 95 92 91 90 91 92 95 98 103 108 114 120 127 102 100 100 100 102 104 108 112 117 122 128 110 110 110 112 121 125 130 136 130 134 139 144 139 143 148 153 146 149 152 157 161 155 158 162 166 165 168 171 175 175 177 180 184 187 190
91 81 71 61 51 41 110 100 90 80 70 60 50 40 30 120 110 100 91 81 71 51 41 32 22 14 10 14 122 112 102 92 45 36 28 22 20 22 133 124 114 104 42 36 32 30 32 136 126 117 50 45 41 40 139 130 121 58 54 51 50 152 143 134 125 72 67 63 61 60 157 148 139 130 86 81 76 73 71 161 153 144 136 100 94 89 85 82 81 158 150 142 135 127 120 114 108 103 98 95 92 91 156 149 141 135 128 122 117 112 108 104 102 156 149 142 136 121 117 114 112 130 126 124 122 139 136 133 132 152 149 146 143 141 162 158 155 153 171 168 165 163 180 177 175 190 187 184
100 91 81 71 61 51 120 110 100 90 80 70 60 50 40 130 120 110 100 91 81 61 51 41 32 22 14 10 132 122 112 102 54 45 36 28 22 20 143 133 124 114 50 42 36 32 30 146 136 126 57 50 45 41 149 139 130 64 58 54 51 162 152 143 134 78 72 67 63 61 166 157 148 139 92 86 81 76 73 170 161 153 144 106 100 94 89 85 82 166 158 150 142 135 127 120 114 108 103 98 95 92 164 156 149 141 135 128 122 117 112 108 104 163 156 149 142 125 121 117 114 134 130 126 124 143 139 136 133 157 152 149 146 143 166 162 158 155 175 171 168 165 184 180 177 193 190 187
110 100 91 81 71 61 130 120 110 100 90 80 70 60 50 140 130 120 110 100 91 71 61 51 41 32 22 14 141 132 122 112 63 54 45 36 28 22 153 143 133 124 58 50 42 36 32 155 146 136 64 57 50 45 158 149 139 71 64 58 54 171 162 152 143 85 78 72 67 63 175 166 157 148 99 92 86 81 76 179 170 161 153 113 106 100 94 89 85 175 166 158 150 142 135 127 120 114 108 103 98 95 172 164 156 149 141 135 128 122 117 112 108 170 163 156 149 130 125 121 117 139 134 130 126 148 143 139 136 161 157 152 149 146 170 166 162 158 179 175 171 168 188 184 180 197 193 190
45 54 63 73 82 92 22 32 41 51 61 71 81 91 100 10 20 30 40 50 60 80 90 100 110 120 130 140 14 22 32 41 91 100 110 120 130 140 20 22 28 36 102 112 122 132 141 30 32 36 104 114 124 133 40 41 45 108 117 126 136 51 50 51 54 103 112 121 130 139 61 60 61 63 100 108 117 125 134 71 70 71 73 99 106 114 122 130 139 80 81 82 85 89 94 100 106 113 120 128 136 144 91 92 95 98 103 108 114 120 127 135 142 102 104 108 112 128 135 141 149 136 142 149 156 144 150 156 163 148 153 158 164 170 157 161 166 172 166 170 175 180 175 179 184 184 188 192
36 45 54 63 73 82 14 22 32 41 51 61 71 81 91 0 10 20 30 40 50 70 80 90 100 110 120 130 10 14 22 32 81 91 100 110 120 130 22 20 22 28 92 102 112 122 132 32 30 32 95 104 114 124 41 40 41 98 108 117 126 54 51 50 51 94 103 112 121 130 63 61 60 61 92 100 108 117 125 73 71 70 71 92 99 106 114 122 130 81 80 81 82 85 89 94 100 106 113 120 128 136 90 91 92 95 98 103 108 114 120 127 135 100 102 104 108 122 128 135 141 130 136 142 149 139 144 150 156 143 148 153 158 164 152 157 161 166 162 166 170 175 171 175 179 180 184 188
28 36 45 54 63 73 10 14 22 32 41 51 61 71 81 10 0 10 20 30 40 60 70 80 90 100 110 120 14 10 14 22 71 81 91 100 110 120 28 22 20 22 82 92 102 112 122 36 32 30 85 95 104 114 45 41 40 89 98 108 117 58 54 51 50 86 94 103 112 121 67 63 61 60 85 92 100 108 117 76 73 71 70 86 92 99 106 114 122 82 81 80 81 82 85 89 94 100 106 113 120 128 91 90 91 92 95 98 103 108 114 120 127 100 100 102 104 117 122 128 135 125 130 136 142 134 139 144 150 139 143 148 153 158 149 152 157 161 158 162 166 170 168 171 175 177 180 184
22 28 36 45 54 63 14 10 14 22 32 41 51 61 71 20 10 0 10 20 30 50 60 70 80 90 100 110 22 14 10 14 61 71 81 91 100 110 36 28 22 20 73 82 92 102 112 42 36 32 76 85 95 104 50 45 41 81 89 98 108 64 58 54 51 78 86 94 103 112 72 67 63 61 78 85 92 100 108 81 76 73 71 81 86 92 99 106 114 85 82 81 80 81 82 85 89 94 100 106 113 120 92 91 90 91 92 95 98 103 108 114 120 100 100 100 102 112 117 122 128 121 125 130 136 130 134 139 144 136 139 143 148 153 146 149 152 157 155 158 162 166 165 168 171 175 177 180
82 73 63 54 45 36 100 91 81 71 61 51 41 32 22 110 100 90 80 70 60 40 30 20 10 0 10 20 110 100 91 81 32 22 14 10 14 22 122 112 102 92 28 22 20 22 28 124 114 104 36 32 30 32 126 117 108 45 41 40 41 139 130 121 112 58 54 51 50 51 143 134 125 117 72 67 63 61 60 148 139 130 122 86 81 76 73 71 70 144 136 128 120 113 106 100 94 89 85 82 81 80 142 135 127 120 114 108 103 98 95 92 91 141 135 128 122 108 104 102 100 117 114 112 110 126 124 122 120 139 136 133 132 130 149 146 143 141 158 155 153 151 168 165 163 177 175 173
92 82 73 63 54 45 110 100 91 81 71 61 51 41 32 120 110 100 90 80 70 50 40 30 20 10 0 10 120 110 100 91 41 32 22 14 10 14 132 122 112 102 36 28 22 20 22 133 124 114 42 36 32 30 136 126 117 50 45 41 40 149 139 130 121 64 58 54 51 50 152 143 134 125 78 72 67 63 61 157 148 139 130 92 86 81 76 73 71 153 144 136 128 120 113 106 100 94 89 85 82 81 150 142 135 127 120 114 108 103 98 95 92 149 141 135 128 112 108 104 102 121 117 114 112 130 126 124 122 143 139 136 133 132 152 149 146 143 162 158 155 153 171 168 165 180 177 175
102 92 82 73 63 54 120 110 100 91 81 71 61 51 41 130 120 110 100 90 80 60 50 40 30 20 10 0 130 120 110 100 51 41 32 22 14 10 141 132 122 112 45 36 28 22 20 143 133 124 50 42 36 32 146 136 126 57 50 45 41 158 149 139 130 71 64 58 54 51 162 152 143 134 85 78 72 67 63 166 157 148 139 99 92 86 81 76 73 161 153 144 136 128 120 113 106 100 94 89 85 82 158 150 142 135 127 120 114 108 103 98 95 156 149 141 135 117 112 108 104 125 121 117 114 134 130 126 124 148 143 139 136 133 157 152 149 146 166 162 158 155 175 171 168 184 180 177
112 102 92 82 73 63 130 120 110 100 91 81 71 61 51 140 130 120 110 100 90 70 60 50 40 30 20 10 140 130 120 110 61 51 41 32 22 14 151 141 132 122 54 45 36 28 22 153 143 133 58 50 42 36 155 146 136 64 57 50 45 168 158 149 139 78 71 64 58 54 171 162 152 143 92 85 78 72 67 175 166 157 148 106 99 92 86 81 76 170 161 153 144 136 128 120 113 106 100 94 89 85 166 158 150 142 135 127 120 114 108 103 98 164 156 149 141 122 117 112 108 130 125 121 117 139 134 130 126 153 148 143 139 136 161 157 152 149 170 166 162 158 179 175 171 188 184 180
58 67 76 85 95 104 36 45 54 63 73 82 92 102 112 22 32 41 51 61 71 91 100 110 120 130 140 150 20 30 40 50 100 110 120 130 140 150 14 22 32 41 110 120 130 140 150 22 28 36 112 122 132 141 32 36 42 114 124 133 143 40 41 45 50 108 117 126 136 146 50 51 54 58 103 112 121 130 139 60 61 63 67 100 108 117 125 134 143 71 73 76 81 86 92 99 106 114 122 130 139 148 82 85 89 94 100 106 113 120 128 136 144 95 98 103 108 127 135 142 150 135 141 149 156 142 149 156 163 144 150 156 163 170 153 158 164 170 161 166 172 178 170 175 180 179 184 189
50 58 67 76 85 95 28 36 45 54 63 73 82 92 102 14 22 32 41 51 61 81 91 100 110 120 130 140 10 20 30 40 90 100 110 120 130 140 10 14 22 32 100 110 120 130 140 20 22 28 102 112 122 132 30 32 36 104 114 124 133 41 40 41 45 98 108 117 126 136 51 50 51 54 94 103 112 121 130 61 60 61 63 92 100 108 117 125 134 70 71 73 76 81 86 92 99 106 114 122 130 139 81 82 85 89 94 100 106 113 120 128 136 92 95 98 103 120 127 135 142 128 135 141 149 136 142 149 156 139 144 150 156 163 148 153 158 164 157 161 166 172 166 170 175 175 179 184
42 50 58 67 76 85 22 28 36 45 54 63 73 82 92 10 14 22 32 41 51 71 81 91 100 110 120 130 0 10 20 30 80 90 100 110 120 130 14 10 14 22 91 100 110 120 130 22 20 22 92 102 112 122 32 30 32 95 104 114 124 45 41 40 41 89 98 108 117 126 54 51 50 51 86 94 103 112 121 63 61 60 61 85 92 100 108 117 125 71 70 71 73 76 81 86 92 99 106 114 122 130 80 81 82 85 89 94 100 106 113 120 128 91 92 95 98 114 120 127 135 122 128 135 141 130 136 142 149 134 139 144 150 156 143 148 153 158 152 157 161 166 162 166 170 171 175 179
36 42 50 58 67 76 20 22 28 36 45 54 63 73 82 14 10 14 22 32 41 61 71 81 91 100 110 120 10 0 10 20 70 80 90 100 110 120 22 14 10 14 81 91 100 110 120 28 22 20 82 92 102 112 36 32 30 85 95 104 114 50 45 41 40 81 89 98 108 117 58 54 51 50 78 86 94 103 112 67 63 61 60 78 85 92 100 108 117 73 71 70 71 73 76 81 86 92 99 106 114 122 81 80 81 82 85 89 94 100 106 113 120 90 91 92 95 108 114 120 127 117 122 128 135 125 130 136 142 130 134 139 144 150 139 143 148 153 149 152 157 161 158 162 166 168 171 175
76 67 58 50 42 36 92 82 73 63 54 45 36 28 22 100 91 81 71 61 51 32 22 14 10 14 22 32 100 90 80 70 20 10 0 10 20 30 110 100 91 81 14 10 14 22 32 112 102 92 22 20 22 28 114 104 95 32 30 32 36 126 117 108 98 45 41 40 41 45 130 121 112 103 58 54 51 50 51 134 125 117 108 72 67 63 61 60 61 130 122 114 106 99 92 86 81 76 73 71 70 71 128 120 113 106 100 94 89 85 82 81 80 127 120 114 108 95 92 91 90 104 102 100 100 114 112 110 110 126 124 122 120 120 136 133 132 130 146 143 141 140 155 153 151 165 163 161
85 76 67 58 50 42 102 92 82 73 63 54 45 36 28 110 100 91 81 71 61 41 32 22 14 10 14 22 110 100 90 80 30 20 10 0 10 20 120 110 100 91 22 14 10 14 22 122 112 102 28 22 20 22 124 114 104 36 32 30 32 136 126 117 108 50 45 41 40 41 139 130 121 112 64 58 54 51 50 143 134 125 117 78 72 67 63 61 60 139 130 122 114 106 99 92 86 81 76 73 71 70 136 128 120 113 106 100 94 89 85 82 81 135 127 120 114 98 95 92 91 108 104 102 100 117 114 112 110 130 126 124 122 120 139 136 133 132 149 146 143 141 158 155 153 168 165 163
95 85 76 67 58 50 112 102 92 82 73 63 54 45 36 120 110 100 91 81 71 51 41 32 22 14 10 14 120 110 100 90 40 30 20 10 0 10 130 120 110 100 32 22 14 10 14 132 122 112 36 28 22 20 133 124 114 42 36 32 30 146 136 126 117 57 50 45 41 40 149 139 130 121 71 64 58 54 51 152 143 134 125 85 78 72 67 63 61 148 139 130 122 114 106 99 92 86 81 76 73 71 144 136 128 120 113 106 100 94 89 85 82 142 135 127 120 103 98 95 92 112 108 104 102 121 117 114 112 134 130 126 124 122 143 139 136 133 152 149 146 143 162 158 155 171 168 165
104 95 85 76 67 58 122 112 102 92 82 73 63 54 45 130 120 110 100 91 81 61 51 41 32 22 14 10 130 120 110 100 50 40 30 20 10 0 140 130 120 110 41 32 22 14 10 141 132 122 45 36 28 22 143 133 124 50 42 36 32 155 146 136 126 64 57 50 45 41 158 149 139 130 78 71 64 58 54 162 152 143 134 92 85 78 72 67 63 157 148 139 130 122 114 106 99 92 86 81 76 73 153 144 136 128 120 113 106 100 94 89 85 150 142 135 127 108 103 98 95 117 112 108 104 125 121 117 114 139 134 130 126 124 148 143 139 136 157 152 149 146 166 162 158 175 171 168
64 72 81 89 98 108 42 50 58 67 76 85 95 104 114 28 36 45 54 63 73 92 102 112 122 132 141 151 22 32 41 51 100 110 120 130 140 150 10 20 30 40 110 120 130 140 150 14 22 32 110 120 130 140 22 28 36 112 122 132 141 30 32 36 42 104 114 124 133 143 40 41 45 50 98 108 117 126 136 50 51 54 58 94 103 112 121 130 139 61 63 67 72 78 85 92 100 108 117 125 134 143 73 76 81 86 92 99 106 114 122 130 139 85 89 94 100 120 128 136 144 127 135 142 150 135 141 149 156 136 142 149 156 163 144 150 156 163 153 158 164 170 161 166 172 170 175 180
57 64 72 81 89 98 36 42 50 58 67 76 85 95 104 22 28 36 45 54 63 82 92 102 112 122 132 141 14 22 32 41 91 100 110 120 130 140 0 10 20 30 100 110 120 130 140 10 14 22 100 110 120 130 20 22 28 102 112 122 132 32 30 32 36 95 104 114 124 133 41 40 41 45 89 98 108 117 126 51 50 51 54 86 94 103 112 121 130 60 61 63 67 72 78 85 92 100 108 117 125 134 71 73 76 81 86 92 99 106 114 122 130 82 85 89 94 113 120 128 136 120 127 135 142 128 135 141 149 130 136 142 149 156 139 144 150 156 148 153 158 164 157 161 166 166 170 175
50 57 64 72 81 89 32 36 42 50 58 67 76 85 95 20 22 28 36 45 54 73 82 92 102 112 122 132 10 14 22 32 81 91 100 110 120 130 10 0 10 20 90 100 110 120 130 14 10 14 91 100 110 120 22 20 22 92 102 112 122 36 32 30 32 85 95 104 114 124 45 41 40 41 81 89 98 108 117 54 51 50 51 78 86 94 103 112 121 61 60 61 63 67 72 78 85 92 100 108 117 125 70 71 73 76 81 86 92 99 106 114 122 81 82 85 89 106 113 120 128 114 120 127 135 122 128 135 141 125 130 136 142 149 134 139 144 150 143 148 153 158 152 157 161 162 166 170
45 50 57 64 72 81 30 32 36 42 50 58 67 76 85 22 20 22 28 36 45 63 73 82 92 102 112 122 14 10 14 22 71 81 91 100 110 120 20 10 0 10 80 90 100 110 120 22 14 10 81 91 100 110 28 22 20 82 92 102 112 42 36 32 30 76 85 95 104 114 50 45 41 40 72 81 89 98 108 58 54 51 50 71 78 86 94 103 112 63 61 60 61 63 67 72 78 85 92 100 108 117 71 70 71 73 76 81 86 92 99 106 114 80 81 82 85 100 106 113 120 108 114 120 127 117 122 128 135 121 125 130 136 142 130 134 139 144 139 143 148 153 149 152 157 158 162 166
81 72 64 57 50 45 95 85 76 67 58 50 42 36 32 102 92 82 73 63 54 36 28 22 20 22 28 36 100 91 81 71 22 14 10 14 22 32 110 100 90 80 10 0 10 20 30 110 100 91 14 10 14 22 112 102 92 22 20 22 28 124 114 104 95 36 32 30 32 36 126 117 108 98 50 45 41 40 41 130 121 112 103 64 58 54 51 50 51 125 117 108 100 92 85 78 72 67 63 61 60 61 122 114 106 99 92 86 81 76 73 71 70 120 113 106 100 85 82 81 80 95 92 91 90 104 102 100 100 117 114 112 110 110 126 124 122 120 136 133 132 130 146 143 141 155 153 151
89 81 72 64 57 50 104 95 85 76 67 58 50 42 36 112 102 92 82 73 63 45 36 28 22 20 22 28 110 100 91 81 32 22 14 10 14 22 120 110 100 90 20 10 0 10 20 120 110 100 22 14 10 14 122 112 102 28 22 20 22 133 124 114 104 42 36 32 30 32 136 126 117 108 57 50 45 41 40 139 130 121 112 71 64 58 54 51 50 134 125 117 108 100 92 85 78 72 67 63 61 60 130 122 114 106 99 92 86 81 76 73 71 128 120 113 106 89 85 82 81 98 95 92 91 108 104 102 100 121 117 114 112 110 130 126 124 122 139 136 133 132 149 146 143 158 155 153
98 89 81 72 64 57 114 104 95 85 76 67 58 50 42 122 112 102 92 82 73 54 45 36 28 22 20 22 120 110 100 91 41 32 22 14 10 14 130 120 110 100 30 20 10 0 10 130 120 110 32 22 14 10 132 122 112 36 28 22 20 143 133 124 114 50 42 36 32 30 146 136 126 117 64 57 50 45 41 149 139 130 121 78 71 64 58 54 51 143 134 125 117 108 100 92 85 78 72 67 63 61 139 130 122 114 106 99 92 86 81 76 73 136 128 120 113 94 89 85 82 103 98 95 92 112 108 104 102 125 121 117 114 112 134 130 126 124 143 139 136 133 152 149 146 162 158 155
71 78 86 94 103 112 50 57 64 72 81 89 98 108 117 36 42 50 58 67 76 95 104 114 124 133 143 153 28 36 45 54 102 112 122 132 141 151 14 22 32 41 110 120 130 140 150 10 20 30 110 120 130 140 14 22 32 110 120 130 140 20 22 28 36 102 112 122 132 141 30 32 36 42 95 104 114 124 133 40 41 45 50 89 98 108 117 126 136 51 54 58 64 71 78 86 94 103 112 121 130 139 63 67 72 78 85 92 100 108 117 125 134 76 81 86 92 114 122 130 139 120 128 136 144 127 135 142 150 128 135 141 149 156 136 142 149 156 144 150 156 163 153 158 164 161 166 172
64 71 78 86 94 103 45 50 57 64 72 81 89 98 108 32 36 42 50 58 67 85 95 104 114 124 133 143 22 28 36 45 92 102 112 122 132 141 10 14 22 32 100 110 120 130 140 0 10 20 100 110 120 130 10 14 22 100 110 120 130 22 20 22 28 92 102 112 122 132 32 30 32 36 85 95 104 114 124 41 40 41 45 81 89 98 108 117 126 50 51 54 58 64 71 78 86 94 103 112 121 130 61 63 67 72 78 85 92 100 108 117 125 73 76 81 86 106 114 122 130 113 120 128 136 120 127 135 142 122 128 135 141 149 130 136 142 149 139 144 150 156 148 153 158 157 161 166
58 64 71 78 86 94 41 45 50 57 64 72 81 89 98 30 32 36 42 50 58 76 85 95 104 114 124 133 20 22 28 36 82 92 102 112 122 132 14 10 14 22 91 100 110 120 130 10 0 10 90 100 110 120 14 10 14 91 100 110 120 28 22 20 22 82 92 102 112 122 36 32 30 32 76 85 95 104 114 45 41 40 41 72 81 89 98 108 117 51 50 51 54 58 64 71 78 86 94 103 112 121 60 61 63 67 72 78 85 92 100 108 117 71 73 76 81 99 106 114 122 106 113 120 128 114 120 127 135 117 122 128 135 141 125 130 136 142 134 139 144 150 143 148 153 152 157 161
54 58 64 71 78 86 40 41 45 50 57 64 72 81 89 32 30 32 36 42 50 67 76 85 95 104 114 124 22 20 22 28 73 82 92 102 112 122 22 14 10 14 81 91 100 110 120 20 10 0 80 90 100 110 22 14 10 81 91 100 110 36 28 22 20 73 82 92 102 112 42 36 32 30 67 76 85 95 104 50 45 41 40 64 72 81 89 98 108 54 51 50 51 54 58 64 71 78 86 94 103 112 61 60 61 63 67 72 78 85 92 100 108 70 71 73 76 92 99 106 114 100 106 113 120 108 114 120 127 112 117 122 128 135 121 125 130 136 130 134 139 144 139 143 148 149 152 157
71 64 58 54 51 50 81 72 64 57 50 45 41 40 41 85 76 67 58 50 42 32 30 32 36 42 50 58 82 73 63 54 20 22 28 36 45 54 91 81 71 61 14 22 32 41 51 90 80 70 10 20 30 40 91 81 71 14 22 32 41 102 92 82 73 20 22 28 36 45 104 95 85 76 32 30 32 36 42 108 98 89 81 45 41 40 41 45 50 103 94 86 78 71 64 58 54 51 50 51 54 58 100 92 85 78 72 67 63 61 60 61 63 99 92 86 81 71 70 71 73 81 80 81 82 91 90 91 92 102 100 100 100 102 112 110 110 110 122 120 120 120 132 130 130 141 140 140
78 71 64 58 54 51 89 81 72 64 57 50 45 41 40 95 85 76 67 58 50 36 32 30 32 36 42 50 92 82 73 63 22 20 22 28 36 45 100 91 81 71 10 14 22 32 41 100 90 80 0 10 20 30 100 91 81 10 14 22 32 112 102 92 82 22 20 22 28 36 114 104 95 85 36 32 30 32 36 117 108 98 89 50 45 41 40 41 45 112 103 94 86 78 71 64 58 54 51 50 51 54 108 100 92 85 78 72 67 63 61 60 61 106 99 92 86 73 71 70 71 82 81 80 81 92 91 90 91 104 102 100 100 100 114 112 110 110 124 122 120 120 133 132 130 143 141 140
86 78 71 64 58 54 98 89 81 72 64 57 50 45 41 104 95 85 76 67 58 42 36 32 30 32 36 42 102 92 82 73 28 22 20 22 28 36 110 100 91 81 14 10 14 22 32 110 100 90 10 0 10 20 110 100 91 14 10 14 22 122 112 102 92 28 22 20 22 28 124 114 104 95 42 36 32 30 32 126 117 108 98 57 50 45 41 40 41 121 112 103 94 86 78 71 64 58 54 51 50 51 117 108 100 92 85 78 72 67 63 61 60 114 106 99 92 76 73 71 70 85 82 81 80 95 92 91 90 108 104 102 100 100 117 114 112 110 126 124 122 120 136 133 132 146 143 141
94 86 78 71 64 58 108 98 89 81 72 64 57 50 45 114 104 95 85 76 67 50 42 36 32 30 32 36 112 102 92 82 36 28 22 20 22 28 120 110 100 91 22 14 10 14 22 120 110 100 20 10 0 10 120 110 100 22 14 10 14 132 122 112 102 36 28 22 20 22 133 124 114 104 50 42 36 32 30 136 126 117 108 64 57 50 45 41 40 130 121 112 103 94 86 78 71 64 58 54 51 50 125 117 108 100 92 85 78 72 67 63 61 122 114 106 99 81 76 73 71 89 85 82 81 98 95 92 91 112 108 104 102 100 121 117 114 112 130 126 124 122 139 136 133 149 146 143
78 85 92 100 108 117 58 64 71 78 86 94 103 112 121 45 50 57 64 72 81 98 108 117 126 136 146 155 36 42 50 58 104 114 124 133 143 153 22 28 36 45 112 122 132 141 151 14 22 32 110 120 130 140 10 20 30 110 120 130 140 10 14 22 32 100 110 120 130 140 20 22 28 36 92 102 112 122 132 30 32 36 42 85 95 104 114 124 133 41 45 50 57 64 72 81 89 98 108 117 126 136 54 58 64 71 78 86 94 103 112 121 130 67 72 78 85 108 117 125 134 114 122 130 139 120 128 136 144 120 127 135 142 150 128 135 141 149 136 142 149 156 144 150 156 153 158 164
72 78 85 92 100 108 54 58 64 71 78 86 94 103 112 41 45 50 57 64 72 89 98 108 117 126 136 146 32 36 42 50 95 104 114 124 133 143 20 22 28 36 102 112 122 132 141 10 14 22 100 110 120 130 0 10 20 100 110 120 130 14 10 14 22 91 100 110 120 130 22 20 22 28 82 92 102 112 122 32 30 32 36 76 85 95 104 114 124 40 41 45 50 57 64 72 81 89 98 108 117 126 51 54 58 64 71 78 86 94 103 112 121 63 67 72 78 100 108 117 125 106 114 122 130 113 120 128 136 114 120 127 135 142 122 128 135 141 130 136 142 149 139 144 150 148 153 158
67 72 78 85 92 100 51 54 58 64 71 78 86 94 103 40 41 45 50 57 64 81 89 98 108 117 126 136 30 32 36 42 85 95 104 114 124 133 22 20 22 28 92 102 112 122 132 14 10 14 91 100 110 120 10 0 10 90 100 110 120 22 14 10 14 81 91 100 110 120 28 22 20 22 73 82 92 102 112 36 32 30 32 67 76 85 95 104 114 41 40 41 45 50 57 64 72 81 89 98 108 117 50 51 54 58 64 71 78 86 94 103 112 61 63 67 72 92 100 108 117 99 106 114 122 106 113 120 128 108 114 120 127 135 117 122 128 135 125 130 136 142 134 139 144 143 148 153
63 67 72 78 85 92 50 51 54 58 64 71 78 86 94 41 40 41 45 50 57 72 81 89 98 108 117 126 32 30 32 36 76 85 95 104 114 124 28 22 20 22 82 92 102 112 122 22 14 10 81 91 100 110 20 10 0 80 90 100 110 32 22 14 10 71 81 91 100 110 36 28 22 20 63 73 82 92 102 42 36 32 30 58 67 76 85 95 104 45 41 40 41 45 50 57 64 72 81 89 98 108 51 50 51 54 58 64 71 78 86 94 103 60 61 63 67 85 92 100 108 92 99 106 114 100 106 113 120 103 108 114 120 127 112 117 122 128 121 125 130 136 130 134 139 139 143 148
61 63 67 72 78 85 51 50 51 54 58 64 71 78 86 45 41 40 41 45 50 64 72 81 89 98 108 117 36 32 30 32 67 76 85 95 104 114 36 28 22 20 73 82 92 102 112 32 22 14 71 81 91 100 30 20 10 70 80 90 100 41 32 22 14 61 71 81 91 100 45 36 28 22 54 63 73 82 92 50 42 36 32 50 58 67 76 85 95 50 45 41 40 41 45 50 57 64 72 81 89 98 54 51 50 51 54 58 64 71 78 86 94 61 60 61 63 78 85 92 100 86 92 99 106 94 100 106 113 98 103 108 114 120 108 112 117 122 117 121 125 130 126 130 134 136 139 143
60 61 63 67 72 78 54 51 50 51 54 58 64 71 78 50 45 41 40 41 45 57 64 72 81 89 98 108 42 36 32 30 58 67 76 85 95 104 45 36 28 22 63 73 82 92 102 41 32 22 61 71 81 91 40 30 20 60 70 80 90 51 41 32 22 51 61 71 81 91 54 45 36 28 45 54 63 73 82 58 50 42 36 42 50 58 67 76 85 57 50 45 41 40 41 45 50 57 64 72 81 89 58 54 51 50 51 54 58 64 71 78 86 63 61 60 61 72 78 85 92 81 86 92 99 89 94 100 106 95 98 103 108 114 104 108 112 117 114 117 121 125 124 126 130 133 136 139
61 60 61 63 67 72 58 54 51 50 51 54 58 64 71 57 50 45 41 40 41 50 57 64 72 81 89 98 50 42 36 32 50 58 67 76 85 95 54 45 36 28 54 63 73 82 92 51 41 32 51 61 71 81 50 40 30 50 60 70 80 61 51 41 32 41 51 61 71 81 63 54 45 36 36 45 54 63 73 67 58 50 42 36 42 50 58 67 76 64 57 50 45 41 40 41 45 50 57 64 72 81 64 58 54 51 50 51 54 58 64 71 78 67 63 61 60 67 72 78 85 76 81 86 92 85 89 94 100 92 95 98 103 108 102 104 108 112 112 114 117 121 122 124 126 132 133 136
63 61 60 61 63 67 64 58 54 51 50 51 54 58 64 64 57 50 45 41 40 45 50 57 64 72 81 89 58 50 42 36 42 50 58 67 76 85 63 54 45 36 45 54 63 73 82 61 51 41 41 51 61 71 60 50 40 40 50 60 70 71 61 51 41 32 41 51 61 71 73 63 54 45 28 36 45 54 63 76 67 58 50 32 36 42 50 58 67 72 64 57 50 45 41 40 41 45 50 57 64 72 71 64 58 54 51 50 51 54 58 64 71 72 67 63 61 63 67 72 78 73 76 81 86 82 85 89 94 91 92 95 98 103 100 102 104 108 110 112 114 117 120 122 124 130 132 133
67 63 61 60 61 63 71 64 58 54 51 50 51 54 58 72 64 57 50 45 41 41 45 50 57 64 72 81 67 58 50 42 36 42 50 58 67 76 73 63 54 45 36 45 54 63 73 71 61 51 32 41 51 61 70 60 50 30 40 50 60 81 71 61 51 22 32 41 51 61 82 73 63 54 22 28 36 45 54 85 76 67 58 30 32 36 42 50 58 81 72 64 57 50 45 41 40 41 45 50 57 64 78 71 64 58 54 51 50 51 54 58 64 78 72 67 63 61 63 67 72 71 73 76 81 81 82 85 89 90 91 92 95 98 100 100 102 104 110 110 112 114 120 120 122 130 130 132
72 67 63 61 60 61 78 71 64 58 54 51 50 51 54 81 72 64 57 50 45 40 41 45 50 57 64 72 76 67 58 50 32 36 42 50 58 67 82 73 63 54 28 36 45 54 63 81 71 61 22 32 41 51 80 70 60 20 30 40 50 91 81 71 61 14 22 32 41 51 92 82 73 63 20 22 28 36 45 95 85 76 67 32 30 32 36 42 50 89 81 72 64 57 50 45 41 40 41 45 50 57 86 78 71 64 58 54 51 50 51 54 58 85 78 72 67 60 61 63 67 70 71 73 76 80 81 82 85 91 90 91 92 95 100 100 100 102 110 110 110 112 120 120 120 130 130 130
78 72 67 63 61 60 86 78 71 64 58 54 51 50 51 89 81 72 64 57 50 41 40 41 45 50 57 64 85 76 67 58 30 32 36 42 50 58 92 82 73 63 22 28 36 45 54 91 81 71 14 22 32 41 90 80 70 10 20 30 40 100 91 81 71 10 14 22 32 41 102 92 82 73 22 20 22 28 36 104 95 85 76 36 32 30 32 36 42 98 89 81 72 64 57 50 45 41 40 41 45 50 94 86 78 71 64 58 54 51 50 51 54 92 85 78 72 61 60 61 63 71 70 71 73 81 80 81 82 92 91 90 91 92 102 100 100 100 112 110 110 110 122 120 120 132 130 130
85 78 72 67 63 61 94 86 78 71 64 58 54 51 50 98 89 81 72 64 57 45 41 40 41 45 50 57 95 85 76 67 32 30 32 36 42 50 102 92 82 73 20 22 28 36 45 100 91 81 10 14 22 32 100 90 80 0 10 20 30 110 100 91 81 14 10 14 22 32 112 102 92 82 28 22 20 22 28 114 104 95 85 42 36 32 30 32 36 108 98 89 81 72 64 57 50 45 41 40 41 45 103 94 86 78 71 64 58 54 51 50 51 100 92 85 78 63 61 60 61 73 71 70 71 82 81 80 81 95 92 91 90 91 104 102 100 100 114 112 110 110 124 122 120 133 132 130
92 85 78 72 67 63 103 94 86 78 71 64 58 54 51 108 98 89 81 72 64 50 45 41 40 41 45 50 104 95 85 76 36 32 30 32 36 42 112 102 92 82 22 20 22 28 36 110 100 91 14 10 14 22 110 100 90 10 0 10 20 120 110 100 91 22 14 10 14 22 122 112 102 92 36 28 22 20 22 124 114 104 95 50 42 36 32 30 32 117 108 98 89 81 72 64 57 50 45 41 40 41 112 103 94 86 78 71 64 58 54 51 50 108 100 92 85 67 63 61 60 76 73 71 70 85 82 81 80 98 95 92 91 90 108 104 102 100 117 114 112 110 126 124 122 136 133 132
100 92 85 78 72 67 112 103 94 86 78 71 64 58 54 117 108 98 89 81 72 57 50 45 41 40 41 45 114 104 95 85 42 36 32 30 32 36 122 112 102 92 28 22 20 22 28 120 110 100 22 14 10 14 120 110 100 20 10 0 10 130 120 110 100 32 22 14 10 14 132 122 112 102 45 36 28 22 20 133 124 114 104 58 50 42 36 32 30 126 117 108 98 89 81 72 64 57 50 45 41 40 121 112 103 94 86 78 71 64 58 54 51 117 108 100 92 72 67 63 61 81 76 73 71 89 85 82 81 103 98 95 92 91 112 108 104 102 121 117 114 112 130 126 124 139 136 133
86 92 99 106 114 122 67 72 78 85 92 100 108 117 125 54 58 64 71 78 86 103 112 121 130 139 149 158 45 50 57 64 108 117 126 136 146 155 32 36 42 50 114 124 133 143 153 22 28 36 112 122 132 141 14 22 32 110 120 130 140 0 10 20 30 100 110 120 130 140 10 14 22 32 91 100 110 120 130 20 22 28 36 82 92 102 112 122 132 32 36 42 50 58 67 76 85 95 104 114 124 133 45 50 57 64 72 81 89 98 108 117 126 58 64 71 78 103 112 121 130 108 117 125 134 114 122 130 139 113 120 128 136 144 120 127 135 142 128 135 141 149 136 142 149 144 150 156
81 86 92 99 106 114 63 67 72 78 85 92 100 108 117 51 54 58 64 71 78 94 103 112 121 130 139 149 41 45 50 57 98 108 117 126 136 146 30 32 36 42 104 114 124 133 143 20 22 28 102 112 122 132 10 14 22 100 110 120 130 10 0 10 20 90 100 110 120 130 14 10 14 22 81 91 100 110 120 22 20 22 28 73 82 92 102 112 122 30 32 36 42 50 58 67 76 85 95 104 114 124 41 45 50 57 64 72 81 89 98 108 117 54 58 64 71 94 103 112 121 100 108 117 125 106 114 122 130 106 113 120 128 136 114 120 127 135 122 128 135 141 130 136 142 139 144 150
76 81 86 92 99 106 61 63 67 72 78 85 92 100 108 50 51 54 58 64 71 86 94 103 112 121 130 139 40 41 45 50 89 98 108 117 126 136 32 30 32 36 95 104 114 124 133 22 20 22 92 102 112 122 14 10 14 91 100 110 120 20 10 0 10 80 90 100 110 120 22 14 10 14 71 81 91 100 110 28 22 20 22 63 73 82 92 102 112 32 30 32 36 42 50 58 67 76 85 95 104 114 40 41 45 50 57 64 72 81 89 98 108 51 54 58 64 86 94 103 112 92 100 108 117 99 106 114 122 100 106 113 120 128 108 114 120 127 117 122 128 135 125 130 136 134 139 144
73 76 81 86 92 99 60 61 63 67 72 78 85 92 100 51 50 51 54 58 64 78 86 94 103 112 121 130 41 40 41 45 81 89 98 108 117 126 36 32 30 32 85 95 104 114 124 28 22 20 82 92 102 112 22 14 10 81 91 100 110 30 20 10 0 70 80 90 100 110 32 22 14 10 61 71 81 91 100 36 28 22 20 54 63 73 82 92 102 36 32 30 32 36 42 50 58 67 76 85 95 104 41 40 41 45 50 57 64 72 81 89 98 50 51 54 58 78 86 94 103 85 92 100 108 92 99 106 114 94 100 106 113 120 103 108 114 120 112 117 122 128 121 125 130 130 134 139
71 73 76 81 86 92 61 60 61 63 67 72 78 85 92 54 51 50 51 54 58 71 78 86 94 103 112 121 45 41 40 41 72 81 89 98 108 117 42 36 32 30 76 85 95 104 114 36 28 22 73 82 92 102 32 22 14 71 81 91 100 40 30 20 10 60 70 80 90 100 41 32 22 14 51 61 71 81 91 45 36 28 22 45 54 63 73 82 92 42 36 32 30 32 36 42 50 58 67 76 85 95 45 41 40 41 45 50 57 64 72 81 89 51 50 51 54 71 78 86 94 78 85 92 100 86 92 99 106 89 94 100 106 113 98 103 108 114 108 112 117 122 117 121 125 126 130 134
70 71 73 76 81 86 63 61 60 61 63 67 72 78 85 58 54 51 50 51 54 64 71 78 86 94 103 112 50 45 41 40 64 72 81 89 98 108 50 42 36 32 67 76 85 95 104 45 36 28 63 73 82 92 41 32 22 61 71 81 91 50 40 30 20 50 60 70 80 90 51 41 32 22 41 51 61 71 81 54 45 36 28 36 45 54 63 73 82 50 42 36 32 30 32 36 42 50 58 67 76 85 50 45 41 40 41 45 50 57 64 72 81 54 51 50 51 64 71 78 86 72 78 85 92 81 86 92 99 85 89 94 100 106 95 98 103 108 104 108 112 117 114 117 121 124 126 130
71 70 71 73 76 81 67 63 61 60 61 63 67 72 78 64 58 54 51 50 51 58 64 71 78 86 94 103 57 50 45 41 57 64 72 81 89 98 58 50 42 36 58 67 76 85 95 54 45 36 54 63 73 82 51 41 32 51 61 71 81 60 50 40 30 40 50 60 70 80 61 51 41 32 32 41 51 61 71 63 54 45 36 28 36 45 54 63 73 58 50 42 36 32 30 32 36 42 50 58 67 76 57 50 45 41 40 41 45 50 57 64 72 58 54 51 50 58 64 71 78 67 72 78 85 76 81 86 92 82 85 89 94 100 92 95 98 103 102 104 108 112 112 114 117 122 124 126
73 71 70 71 73 76 72 67 63 61 60 61 63 67 72 71 64 58 54 51 50 54 58 64 71 78 86 94 64 57 50 45 50 57 64 72 81 89 67 58 50 42 50 58 67 76 85 63 54 45 45 54 63 73 61 51 41 41 51 61 71 70 60 50 40 30 40 50 60 70 71 61 51 41 22 32 41 51 61 73 63 54 45 22 28 36 45 54 63 67 58 50 42 36 32 30 32 36 42 50 58 67 64 57 50 45 41 40 41 45 50 57 64 64 58 54 51 54 58 64 71 63 67 72 78 73 76 81 86 81 82 85 89 94 91 92 95 98 100 102 104 108 110 112 114 120 122 124
76 73 71 70 71 73 78 72 67 63 61 60 61 63 67 78 71 64 58 54 51 51 54 58 64 71 78 86 72 64 57 50 45 50 57 64 72 81 76 67 58 50 42 50 58 67 76 73 63 54 36 45 54 63 71 61 51 32 41 51 61 80 70 60 50 20 30 40 50 60 81 71 61 51 14 22 32 41 51 82 73 63 54 20 22 28 36 45 54 76 67 58 50 42 36 32 30 32 36 42 50 58 72 64 57 50 45 41 40 41 45 50 57 71 64 58 54 51 54 58 64 61 63 67 72 71 73 76 81 80 81 82 85 89 90 91 92 95 100 100 102 104 110 110 112 120 120 122
81 76 73 71 70 71 85 78 72 67 63 61 60 61 63 86 78 71 64 58 54 50 51 54 58 64 71 78 81 72 64 57 41 45 50 57 64 72 85 76 67 58 36 42 50 58 67 82 73 63 28 36 45 54 81 71 61 22 32 41 51 90 80 70 60 10 20 30 40 50 91 81 71 61 10 14 22 32 41 92 82 73 63 22 20 22 28 36 45 85 76 67 58 50 42 36 32 30 32 36 42 50 81 72 64 57 50 45 41 40 41 45 50 78 71 64 58 50 51 54 58 60 61 63 67 70 71 73 76 81 80 81 82 85 91 90 91 92 100 100 100 102 110 110 110 120 120 120
86 81 76 73 71 70 92 85 78 72 67 63 61 60 61 94 86 78 71 64 58 51 50 51 54 58 64 71 89 81 72 64 40 41 45 50 57 64 95 85 76 67 32 36 42 50 58 92 82 73 22 28 36 45 91 81 71 14 22 32 41 100 90 80 70 0 10 20 30 40 100 91 81 71 14 10 14 22 32 102 92 82 73 28 22 20 22 28 36 95 85 76 67 58 50 42 36 32 30 32 36 42 89 81 72 64 57 50 45 41 40 41 45 86 78 71 64 51 50 51 54 61 60 61 63 71 70 71 73 82 81 80 81 82 92 91 90 91 102 100 100 100 112 110 110 122 120 120
92 86 81 76 73 71 100 92 85 78 72 67 63 61 60 103 94 86 78 71 64 54 51 50 51 54 58 64 98 89 81 72 41 40 41 45 50 57 104 95 85 76 30 32 36 42 50 102 92 82 20 22 28 36 100 91 81 10 14 22 32 110 100 90 80 10 0 10 20 30 110 100 91 81 22 14 10 14 22 112 102 92 82 36 28 22 20 22 28 104 95 85 76 67 58 50 42 36 32 30 32 36 98 89 81 72 64 57 50 45 41 40 41 94 86 78 71 54 51 50 51 63 61 60 61 73 71 70 71 85 82 81 80 81 95 92 91 90 104 102 100 100 114 112 110 124 122 120
99 92 86 81 76 73 108 100 92 85 78 72 67 63 61 112 103 94 86 78 71 58 54 51 50 51 54 58 108 98 89 81 45 41 40 41 45 50 114 104 95 85 32 30 32 36 42 112 102 92 22 20 22 28 110 100 91 14 10 14 22 120 110 100 90 20 10 0 10 20 120 110 100 91 32 22 14 10 14 122 112 102 92 45 36 28 22 20 22 114 104 95 85 76 67 58 50 42 36 32 30 32 108 98 89 81 72 64 57 50 45 41 40 103 94 86 78 58 54 51 50 67 63 61 60 76 73 71 70 89 85 82 81 80 98 95 92 91 108 104 102 100 117 114 112 126 124 122
106 99 92 86 81 76 117 108 100 92 85 78 72 67 63 121 112 103 94 86 78 64 58 54 51 50 51 54 117 108 98 89 50 45 41 40 41 45 124 114 104 95 36 32 30 32 36 122 112 102 28 22 20 22 120 110 100 22 14 10 14 130 120 110 100 30 20 10 0 10 130 120 110 100 41 32 22 14 10 132 122 112 102 54 45 36 28 22 20 124 114 104 95 85 76 67 58 50 42 36 32 30 117 108 98 89 81 72 64 57 50 45 41 112 103 94 86 64 58 54 51 72 67 63 61 81 76 73 71 94 89 85 82 81 103 98 95 92 112 108 104 102 121 117 114 130 126 124
89 94 100 106 113 120 73 76 81 86 92 99 106 114 122 61 63 67 72 78 85 100 108 117 125 134 143 152 51 54 58 64 103 112 121 130 139 149 40 41 45 50 108 117 126 136 146 30 32 36 104 114 124 133 20 22 28 102 112 122 132 14 10 14 22 91 100 110 120 130 10 0 10 20 80 90 100 110 120 14 10 14 22 71 81 91 100 110 120 20 22 28 36 45 54 63 73 82 92 102 112 122 32 36 42 50 58 67 76 85 95 104 114 45 50 57 64 89 98 108 117 94 103 112 121 100 108 117 125 99 106 114 122 130 106 113 120 128 114 120 127 135 122 128 135 130 136 142
85 89 94 100 106 113 71 73 76 81 86 92 99 106 114 60 61 63 67 72 78 92 100 108 117 125 134 143 50 51 54 58 94 103 112 121 130 139 41 40 41 45 98 108 117 126 136 32 30 32 95 104 114 124 22 20 22 92 102 112 122 22 14 10 14 81 91 100 110 120 20 10 0 10 70 80 90 100 110 22 14 10 14 61 71 81 91 100 110 22 20 22 28 36 45 54 63 73 82 92 102 112 30 32 36 42 50 58 67 76 85 95 104 41 45 50 57 81 89 98 108 86 94 103 112 92 100 108 117 92 99 106 114 122 100 106 113 120 108 114 120 127 117 122 128 125 130 136
82 85 89 94 100 106 70 71 73 76 81 86 92 99 106 61 60 61 63 67 72 85 92 100 108 117 125 134 51 50 51 54 86 94 103 112 121 130 45 41 40 41 89 98 108 117 126 36 32 30 85 95 104 114 28 22 20 82 92 102 112 32 22 14 10 71 81 91 100 110 30 20 10 0 60 70 80 90 100 32 22 14 10 51 61 71 81 91 100 28 22 20 22 28 36 45 54 63 73 82 92 102 32 30 32 36 42 50 58 67 76 85 95 40 41 45 50 72 81 89 98 78 86 94 103 85 92 100 108 86 92 99 106 114 94 100 106 113 103 108 114 120 112 117 122 121 125 130
81 82 85 89 94 100 71 70 71 73 76 81 86 92 99 63 61 60 61 63 67 78 85 92 100 108 117 125 54 51 50 51 78 86 94 103 112 121 50 45 41 40 81 89 98 108 117 42 36 32 76 85 95 104 36 28 22 73 82 92 102 41 32 22 14 61 71 81 91 100 40 30 20 10 50 60 70 80 90 41 32 22 14 41 51 61 71 81 91 36 28 22 20 22 28 36 45 54 63 73 82 92 36 32 30 32 36 42 50 58 67 76 85 41 40 41 45 64 72 81 89 71 78 86 94 78 85 92 100 81 86 92 99 106 89 94 100 106 98 103 108 114 108 112 117 117 121 125
80 81 82 85 89 94 73 71 70 71 73 76 81 86 92 67 63 61 60 61 63 72 78 85 92 100 108 117 58 54 51 50 71 78 86 94 103 112 57 50 45 41 72 81 89 98 108 50 42 36 67 76 85 95 45 36 28 63 73 82 92 51 41 32 22 51 61 71 81 91 50 40 30 20 40 50 60 70 80 51 41 32 22 32 41 51 61 71 81 45 36 28 22 20 22 28 36 45 54 63 73 82 42 36 32 30 32 36 42 50 58 67 76 45 41 40 41 57 64 72 81 64 71 78 86 72 78 85 92 76 81 86 92 99 85 89 94 100 95 98 103 108 104 108 112 114 117 121
81 80 81 82 85 89 76 73 71 70 71 73 76 81 86 72 67 63 61 60 61 67 72 78 85 92 100 108 64 58 54 51 64 71 78 86 94 103 64 57 50 45 64 72 81 89 98 58 50 42 58 67 76 85 54 45 36 54 63 73 82 61 51 41 32 41 51 61 71 81 60 50 40 30 30 40 50 60 70 61 51 41 32 22 32 41 51 61 71 54 45 36 28 22 20 22 28 36 45 54 63 73 50 42 36 32 30 32 36 42 50 58 67 50 45 41 40 50 57 64 72 58 64 71 78 67 72 78 85 73 76 81 86 92 82 85 89 94 92 95 98 103 102 104 108 112 114 117
82 81 80 81 82 85 81 76 73 71 70 71 73 76 81 78 72 67 63 61 60 63 67 72 78 85 92 100 71 64 58 54 58 64 71 78 86 94 72 64 57 50 57 64 72 81 89 67 58 50 50 58 67 76 63 54 45 45 54 63 73 71 61 51 41 32 41 51 61 71 70 60 50 40 20 30 40 50 60 71 61 51 41 14 22 32 41 51 61 63 54 45 36 28 22 20 22 28 36 45 54 63 58 50 42 36 32 30 32 36 42 50 58 57 50 45 41 45 50 57 64 54 58 64 71 63 67 72 78 71 73 76 81 86 81 82 85 89 91 92 95 98 100 102 104 110 112 114
85 82 81 80 81 82 86 81 76 73 71 70 71 73 76 85 78 72 67 63 61 61 63 67 72 78 85 92 78 71 64 58 54 58 64 71 78 86 81 72 64 57 50 57 64 72 81 76 67 58 42 50 58 67 73 63 54 36 45 54 63 81 71 61 51 22 32 41 51 61 80 70 60 50 10 20 30 40 50 81 71 61 51 10 14 22 32 41 51 73 63 54 45 36 28 22 20 22 28 36 45 54 67 58 50 42 36 32 30 32 36 42 50 64 57 50 45 41 45 50 57 51 54 58 64 61 63 67 72 70 71 73 76 81 80 81 82 85 90 91 92 95 100 100 102 110 110 112
89 85 82 81 80 81 92 86 81 76 73 71 70 71 73 92 85 78 72 67 63 60 61 63 67 72 78 85 86 78 71 64 51 54 58 64 71 78 89 81 72 64 45 50 57 64 72 85 76 67 36 42 50 58 82 73 63 28 36 45 54 91 81 71 61 14 22 32 41 51 90 80 70 60 0 10 20 30 40 91 81 71 61 14 10 14 22 32 41 82 73 63 54 45 36 28 22 20 22 28 36 45 76 67 58 50 42 36 32 30 32 36 42 72 64 57 50 40 41 45 50 50 51 54 58 60 61 63 67 71 70 71 73 76 81 80 81 82 91 90 91 92 100 100 100 110 110 110
94 89 85 82 81 80 99 92 86 81 76 73 71 70 71 100 92 85 78 72 67 61 60 61 63 67 72 78 94 86 78 71 50 51 54 58 64 71 98 89 81 72 41 45 50 57 64 95 85 76 32 36 42 50 92 82 73 22 28 36 45 100 91 81 71 10 14 22 32 41 100 90 80 70 10 0 10 20 30 100 91 81 71 22 14 10 14 22 32 92 82 73 63 54 45 36 28 22 20 22 28 36 85 76 67 58 50 42 36 32 30 32 36 81 72 64 57 41 40 41 45 51 50 51 54 61 60 61 63 73 71 70 71 73 82 81 80 81 92 91 90 91 102 100 100 112 110 110
100 94 89 85 82 81 106 99 92 86 81 76 73 71 70 108 100 92 85 78 72 63 61 60 61 63 67 72 103 94 86 78 51 50 51 54 58 64 108 98 89 81 40 41 45 50 57 104 95 85 30 32 36 42 102 92 82 20 22 28 36 110 100 91 81 14 10 14 22 32 110 100 90 80 20 10 0 10 20 110 100 91 81 32 22 14 10 14 22 102 92 82 73 63 54 45 36 28 22 20 22 28 95 85 76 67 58 50 42 36 32 30 32 89 81 72 64 45 41 40 41 54 51 50 51 63 61 60 61 76 73 71 70 71 85 82 81 80 95 92 91 90 104 102 100 114 112 110
106 100 94 89 85 82 114 106 99 92 86 81 76 73 71 117 108 100 92 85 78 67 63 61 60 61 63 67 112 103 94 86 54 51 50 51 54 58 117 108 98 89 41 40 41 45 50 114 104 95 32 30 32 36 112 102 92 22 20 22 28 120 110 100 91 22 14 10 14 22 120 110 100 90 30 20 10 0 10 120 110 100 91 41 32 22 14 10 14 112 102 92 82 73 63 54 45 36 28 22 20 22 104 95 85 76 67 58 50 42 36 32 30 98 89 81 72 50 45 41 40 58 54 51 50 67 63 61 60 81 76 73 71 70 89 85 82 81 98 95 92 91 108 104 102 117 114 112
98 95 92 91 90 91 100 94 89 85 82 81 80 81 82 99 92 86 81 76 73 70 71 73 76 81 86 92 92 85 78 72 61 63 67 72 78 85 94 86 78 71 54 58 64 71 78 89 81 72 45 50 57 64 85 76 67 36 42 50 58 92 82 73 63 22 28 36 45 54 91 81 71 61 10 14 22 32 41 90 80 70 60 10 0 10 20 30 40 81 71 61 51 41 32 22 14 10 14 22 32 41 73 63 54 45 36 28 22 20 22 28 36 67 58 50 42 30 32 36 42 40 41 45 50 50 51 54 58 61 60 61 63 67 71 70 71 73 81 80 81 82 91 90 91 100 100 100
103 98 95 92 91 90 106 100 94 89 85 82 81 80 81 106 99 92 86 81 76 71 70 71 73 76 81 86 100 92 85 78 60 61 63 67 72 78 103 94 86 78 51 54 58 64 71 98 89 81 41 45 50 57 95 85 76 32 36 42 50 102 92 82 73 20 22 28 36 45 100 91 81 71 14 10 14 22 32 100 90 80 70 20 10 0 10 20 30 91 81 71 61 51 41 32 22 14 10 14 22 32 82 73 63 54 45 36 28 22 20 22 28 76 67 58 50 32 30 32 36 41 40 41 45 51 50 51 54 63 61 60 61 63 73 71 70 71 82 81 80 81 92 91 90 102 100 100
108 103 98 95 92 91 113 106 100 94 89 85 82 81 80 114 106 99 92 86 81 73 71 70 71 73 76 81 108 100 92 85 61 60 61 63 67 72 112 103 94 86 50 51 54 58 64 108 98 89 40 41 45 50 104 95 85 30 32 36 42 112 102 92 82 22 20 22 28 36 110 100 91 81 22 14 10 14 22 110 100 90 80 30 20 10 0 10 20 100 91 81 71 61 51 41 32 22 14 10 14 22 92 82 73 63 54 45 36 28 22 20 22 85 76 67 58 36 32 30 32 45 41 40 41 54 51 50 51 67 63 61 60 61 76 73 71 70 85 82 81 80 95 92 91 104 102 100
114 108 103 98 95 92 120 113 106 100 94 89 85 82 81 122 114 106 99 92 86 76 73 71 70 71 73 76 117 108 100 92 63 61 60 61 63 67 121 112 103 94 51 50 51 54 58 117 108 98 41 40 41 45 114 104 95 32 30 32 36 122 112 102 92 28 22 20 22 28 120 110 100 91 32 22 14 10 14 120 110 100 90 40 30 20 10 0 10 110 100 91 81 71 61 51 41 32 22 14 10 14 102 92 82 73 63 54 45 36 28 22 20 95 85 76 67 42 36 32 30 50 45 41 40 58 54 51 50 72 67 63 61 60 81 76 73 71 89 85 82 81 98 95 92 108 104 102
108 104 102 100 100 100 108 103 98 95 92 91 90 91 92 106 100 94 89 85 82 80 81 82 85 89 94 100 99 92 86 81 71 73 76 81 86 92 100 92 85 78 63 67 72 78 85 94 86 78 54 58 64 71 89 81 72 45 50 57 64 95 85 76 67 32 36 42 50 58 92 82 73 63 20 22 28 36 45 91 81 71 61 14 10 14 22 32 41 80 70 60 50 40 30 20 10 0 10 20 30 40 71 61 51 41 32 22 14 10 14 22 32 63 54 45 36 20 22 28 36 30 32 36 42 40 41 45 50 51 50 51 54 58 61 60 61 63 71 70 71 73 81 80 81 91 90 91
112 108 104 102 100 100 114 108 103 98 95 92 91 90 91 113 106 100 94 89 85 81 80 81 82 85 89 94 106 99 92 86 70 71 73 76 81 86 108 100 92 85 61 63 67 72 78 103 94 86 51 54 58 64 98 89 81 41 45 50 57 104 95 85 76 30 32 36 42 50 102 92 82 73 22 20 22 28 36 100 91 81 71 22 14 10 14 22 32 90 80 70 60 50 40 30 20 10 0 10 20 30 81 71 61 51 41 32 22 14 10 14 22 73 63 54 45 22 20 22 28 32 30 32 36 41 40 41 45 54 51 50 51 54 63 61 60 61 73 71 70 71 82 81 80 92 91 90
117 112 108 104 102 100 120 114 108 103 98 95 92 91 90 120 113 106 100 94 89 82 81 80 81 82 85 89 114 106 99 92 71 70 71 73 76 81 117 108 100 92 60 61 63 67 72 112 103 94 50 51 54 58 108 98 89 40 41 45 50 114 104 95 85 32 30 32 36 42 112 102 92 82 28 22 20 22 28 110 100 91 81 32 22 14 10 14 22 100 90 80 70 60 50 40 30 20 10 0 10 20 91 81 71 61 51 41 32 22 14 10 14 82 73 63 54 28 22 20 22 36 32 30 32 45 41 40 41 58 54 51 50 51 67 63 61 60 76 73 71 70 85 82 81 95 92 91
114 112 110 110 110 112 112 108 104 102 100 100 100 102 104 108 103 98 95 92 91 91 92 95 98 103 108 114 100 94 89 85 82 85 89 94 100 106 99 92 86 81 76 81 86 92 99 92 85 78 67 72 78 85 86 78 71 58 64 71 78 89 81 72 64 45 50 57 64 72 85 76 67 58 32 36 42 50 58 82 73 63 54 20 22 28 36 45 54 71 61 51 41 32 22 14 10 14 22 32 41 51 60 50 40 30 20 10 0 10 20 30 40 51 41 32 22 14 22 32 41 22 28 36 45 32 36 42 50 40 41 45 50 57 50 51 54 58 60 61 63 67 70 71 73 80 81 82
117 114 112 110 110 110 117 112 108 104 102 100 100 100 102 114 108 103 98 95 92 90 91 92 95 98 103 108 106 100 94 89 81 82 85 89 94 100 106 99 92 86 73 76 81 86 92 100 92 85 63 67 72 78 94 86 78 54 58 64 71 98 89 81 72 41 45 50 57 64 95 85 76 67 30 32 36 42 50 92 82 73 63 22 20 22 28 36 45 81 71 61 51 41 32 22 14 10 14 22 32 41 70 60 50 40 30 20 10 0 10 20 30 61 51 41 32 10 14 22 32 20 22 28 36 30 32 36 42 41 40 41 45 50 51 50 51 54 61 60 61 63 71 70 71 81 80 81
121 117 114 112 110 110 122 117 112 108 104 102 100 100 100 120 114 108 103 98 95 91 90 91 92 95 98 103 113 106 100 94 80 81 82 85 89 94 114 106 99 92 71 73 76 81 86 108 100 92 61 63 67 72 103 94 86 51 54 58 64 108 98 89 81 40 41 45 50 57 104 95 85 76 32 30 32 36 42 102 92 82 73 28 22 20 22 28 36 91 81 71 61 51 41 32 22 14 10 14 22 32 80 70 60 50 40 30 20 10 0 10 20 71 61 51 41 14 10 14 22 22 20 22 28 32 30 32 36 45 41 40 41 45 54 51 50 51 63 61 60 61 73 71 70 82 81 80
125 121 117 114 112 110 128 122 117 112 108 104 102 100 100 127 120 114 108 103 98 92 91 90 91 92 95 98 120 113 106 100 81 80 81 82 85 89 122 114 106 99 70 71 73 76 81 117 108 100 60 61 63 67 112 103 94 50 51 54 58 117 108 98 89 41 40 41 45 50 114 104 95 85 36 32 30 32 36 112 102 92 82 36 28 22 20 22 28 100 91 81 71 61 51 41 32 22 14 10 14 22 90 80 70 60 50 40 30 20 10 0 10 81 71 61 51 22 14 10 14 28 22 20 22 36 32 30 32 50 45 41 40 41 58 54 51 50 67 63 61 60 76 73 71 85 82 81
124 122 120 120 120 122 121 117 114 112 110 110 110 112 114 117 112 108 104 102 100 100 102 104 108 112 117 122 108 103 98 95 92 95 98 103 108 114 106 100 94 89 85 89 94 100 106 99 92 86 76 81 86 92 92 85 78 67 72 78 85 94 86 78 71 54 58 64 71 78 89 81 72 64 41 45 50 57 64 85 76 67 58 30 32 36 42 50 58 73 63 54 45 36 28 22 20 22 28 36 45 54 61 51 41 32 22 14 10 14 22 32 41 50 40 30 20 10 20 30 40 14 22 32 41 22 28 36 45 30 32 36 42 50 40 41 45 50 50 51 54 58 60 61 63 70 71 73
126 124 122 120 120 120 125 121 117 114 112 110 110 110 112 122 117 112 108 104 102 100 100 102 104 108 112 117 114 108 103 98 91 92 95 98 103 108 113 106 100 94 82 85 89 94 100 106 99 92 73 76 81 86 100 92 85 63 67 72 78 103 94 86 78 51 54 58 64 71 98 89 81 72 40 41 45 50 57 95 85 76 67 32 30 32 36 42 50 82 73 63 54 45 36 28 22 20 22 28 36 45 71 61 51 41 32 22 14 10 14 22 32 60 50 40 30 0 10 20 30 10 14 22 32 20 22 28 36 32 30 32 36 42 41 40 41 45 51 50 51 54 61 60 61 71 70 71
130 126 124 122 120 120 130 125 121 117 114 112 110 110 110 128 122 117 112 108 104 100 100 100 102 104 108 112 120 114 108 103 90 91 92 95 98 103 120 113 106 100 81 82 85 89 94 114 106 99 71 73 76 81 108 100 92 61 63 67 72 112 103 94 86 50 51 54 58 64 108 98 89 81 41 40 41 45 50 104 95 85 76 36 32 30 32 36 42 92 82 73 63 54 45 36 28 22 20 22 28 36 81 71 61 51 41 32 22 14 10 14 22 70 60 50 40 10 0 10 20 14 10 14 22 22 20 22 28 36 32 30 32 36 45 41 40 41 54 51 50 51 63 61 60 73 71 70
133 132 130 130 130 132 130 126 124 122 120 120 120 122 124 125 121 117 114 112 110 110 112 114 117 121 125 130 117 112 108 104 102 104 108 112 117 122 114 108 103 98 95 98 103 108 114 106 100 94 85 89 94 100 99 92 86 76 81 86 92 100 92 85 78 63 67 72 78 85 94 86 78 71 51 54 58 64 71 89 81 72 64 40 41 45 50 57 64 76 67 58 50 42 36 32 30 32 36 42 50 58 63 54 45 36 28 22 20 22 28 36 45 51 41 32 22 14 22 32 41 10 20 30 40 14 22 32 41 20 22 28 36 45 30 32 36 42 40 41 45 50 50 51 54 60 61 63
136 133 132 130 130 130 134 130 126 124 122 120 120 120 122 130 125 121 117 114 112 110 110 112 114 117 121 125 122 117 112 108 100 102 104 108 112 117 120 114 108 103 92 95 98 103 108 113 106 100 82 85 89 94 106 99 92 73 76 81 86 108 100 92 85 61 63 67 72 78 103 94 86 78 50 51 54 58 64 98 89 81 72 41 40 41 45 50 57 85 76 67 58 50 42 36 32 30 32 36 42 50 73 63 54 45 36 28 22 20 22 28 36 61 51 41 32 10 14 22 32 0 10 20 30 10 14 22 32 22 20 22 28 36 32 30 32 36 41 40 41 45 51 50 51 61 60 61
139 136 133 132 130 130 139 134 130 126 124 122 120 120 120 136 130 125 121 117 114 110 110 110 112 114 117 121 128 122 117 112 100 100 102 104 108 112 127 120 114 108 91 92 95 98 103 120 113 106 81 82 85 89 114 106 99 71 73 76 81 117 108 100 92 60 61 63 67 72 112 103 94 86 51 50 51 54 58 108 98 89 81 45 41 40 41 45 50 95 85 76 67 58 50 42 36 32 30 32 36 42 82 73 63 54 45 36 28 22 20 22 28 71 61 51 41 14 10 14 22 10 0 10 20 14 10 14 22 28 22 20 22 28 36 32 30 32 45 41 40 41 54 51 50 63 61 60
141 140 140 140 141 143 136 133 132 130 130 130 132 133 136 130 126 124 122 120 120 122 124 126 130 134 139 144 121 117 114 112 114 117 121 125 130 136 117 112 108 104 108 112 117 122 128 108 103 98 98 103 108 114 100 94 89 89 94 100 106 99 92 86 81 76 81 86 92 99 92 85 78 72 63 67 72 78 85 86 78 71 64 51 54 58 64 71 78 72 64 57 50 45 41 40 41 45 50 57 64 72 58 50 42 36 32 30 32 36 42 50 58 45 36 28 22 28 36 45 54 22 32 41 51 20 30 40 50 14 22 32 41 51 22 28 36 45 32 36 42 50 41 45 50 51 54 58
143 141 140 140 140 141 139 136 133 132 130 130 130 132 133 134 130 126 124 122 120 120 122 124 126 130 134 139 125 121 117 114 112 114 117 121 125 130 122 117 112 108 104 108 112 117 122 114 108 103 95 98 103 108 106 100 94 85 89 94 100 106 99 92 86 73 76 81 86 92 100 92 85 78 61 63 67 72 78 94 86 78 71 50 51 54 58 64 71 81 72 64 57 50 45 41 40 41 45 50 57 64 67 58 50 42 36 32 30 32 36 42 50 54 45 36 28 22 28 36 45 14 22 32 41 10 20 30 40 10 14 22 32 41 20 22 28 36 30 32 36 42 40 41 45 50 51 54
146 143 141 140 140 140 143 139 136 133 132 130 130 130 132 139 134 130 126 124 122 120 120 122 124 126 130 134 130 125 121 117 110 112 114 117 121 125 128 122 117 112 102 104 108 112 117 120 114 108 92 95 98 103 113 106 100 82 85 89 94 114 106 99 92 71 73 76 81 86 108 100 92 85 60 61 63 67 72 103 94 86 78 51 50 51 54 58 64 89 81 72 64 57 50 45 41 40 41 45 50 57 76 67 58 50 42 36 32 30 32 36 42 63 54 45 36 20 22 28 36 10 14 22 32 0 10 20 30 14 10 14 22 32 22 20 22 28 32 30 32 36 41 40 41 51 50 51
151 150 150 150 151 153 146 143 141 140 140 140 141 143 146 139 136 133 132 130 130 132 133 136 139 143 148 153 130 126 124 122 124 126 130 134 139 144 125 121 117 114 117 121 125 130 136 117 112 108 108 112 117 122 108 103 98 98 103 108 114 106 100 94 89 85 89 94 100 106 99 92 86 81 73 76 81 86 92 92 85 78 72 61 63 67 72 78 85 78 71 64 58 54 51 50 51 54 58 64 71 78 64 57 50 45 41 40 41 45 50 57 64 50 42 36 32 36 42 50 58 28 36 45 54 22 32 41 51 10 20 30 40 50 14 22 32 41 22 28 36 45 32 36 42 41 45 50
153 151 150 150 150 151 149 146 143 141 140 140 140 141 143 143 139 136 133 132 130 130 132 133 136 139 143 148 134 130 126 124 122 124 126 130 134 139 130 125 121 117 114 117 121 125 130 122 117 112 104 108 112 117 114 108 103 95 98 103 108 113 106 100 94 82 85 89 94 100 106 99 92 86 71 73 76 81 86 100 92 85 78 60 61 63 67 72 78 86 78 71 64 58 54 51 50 51 54 58 64 71 72 64 57 50 45 41 40 41 45 50 57 58 50 42 36 32 36 42 50 22 28 36 45 14 22 32 41 0 10 20 30 40 10 14 22 32 20 22 28 36 30 32 36 40 41 45
155 153 151 150 150 150 152 149 146 143 141 140 140 140 141 148 143 139 136 133 132 130 130 132 133 136 139 143 139 134 130 126 120 122 124 126 130 134 136 130 125 121 112 114 117 121 125 128 122 117 102 104 108 112 120 114 108 92 95 98 103 120 113 106 100 81 82 85 89 94 114 106 99 92 70 71 73 76 81 108 100 92 85 61 60 61 63 67 72 94 86 78 71 64 58 54 51 50 51 54 58 64 81 72 64 57 50 45 41 40 41 45 50 67 58 50 42 30 32 36 42 20 22 28 36 10 14 22 32 10 0 10 20 30 14 10 14 22 22 20 22 28 32 30 32 41 40 41
162 158 155 153 151 150 161 157 152 149 146 143 141 140 140 158 153 148 143 139 136 132 130 130 130 132 133 136 150 144 139 134 120 120 120 122 124 126 149 142 136 130 110 110 112 114 117 141 135 128 100 100 102 104 135 127 120 90 91 92 95 136 128 120 113 81 80 81 82 85 130 122 114 106 73 71 70 71 73 125 117 108 100 67 63 61 60 61 63 112 103 94 86 78 71 64 58 54 51 50 51 54 98 89 81 72 64 57 50 45 41 40 41 85 76 67 58 36 32 30 32 28 22 20 22 22 14 10 14 30 20 10 0 10 32 22 14 10 36 28 22 20 42 36 32 50 45 41
166 162 158 155 153 151 166 161 157 152 149 146 143 141 140 164 158 153 148 143 139 133 132 130 130 130 132 133 156 150 144 139 122 120 120 120 122 124 156 149 142 136 110 110 110 112 114 149 141 135 100 100 100 102 142 135 127 91 90 91 92 144 136 128 120 82 81 80 81 82 139 130 122 114 76 73 71 70 71 134 125 117 108 72 67 63 61 60 61 121 112 103 94 86 78 71 64 58 54 51 50 51 108 98 89 81 72 64 57 50 45 41 40 95 85 76 67 42 36 32 30 36 28 22 20 32 22 14 10 40 30 20 10 0 41 32 22 14 45 36 28 22 50 42 36 57 50 45
161 160 160 160 161 163 155 153 151 150 150 150 151 153 155 149 146 143 141 140 140 141 143 146 149 152 157 161 139 136 133 132 133 136 139 143 148 153 134 130 126 124 126 130 134 139 144 125 121 117 117 121 125 130 117 112 108 108 112 117 122 114 108 103 98 95 98 103 108 114 106 100 94 89 82 85 89 94 100 99 92 86 81 71 73 76 81 86 92 85 78 72 67 63 61 60 61 63 67 72 78 85 71 64 58 54 51 50 51 54 58 64 71 57 50 45 41 45 50 57 64 36 42 50 58 28 36 45 54 14 22 32 41 51 10 20 30 40 14 22 32 41 22 28 36 32 36 42
163 161 160 160 160 161 158 155 153 151 150 150 150 151 153 152 149 146 143 141 140 140 141 143 146 149 152 157 143 139 136 133 132 133 136 139 143 148 139 134 130 126 124 126 130 134 139 130 125 121 114 117 121 125 122 117 112 104 108 112 117 120 114 108 103 92 95 98 103 108 113 106 100 94 81 82 85 89 94 106 99 92 86 70 71 73 76 81 86 92 85 78 72 67 63 61 60 61 63 67 72 78 78 71 64 58 54 51 50 51 54 58 64 64 57 50 45 41 45 50 57 32 36 42 50 22 28 36 45 10 14 22 32 41 0 10 20 30 10 14 22 32 20 22 28 30 32 36
165 163 161 160 160 160 162 158 155 153 151 150 150 150 151 157 152 149 146 143 141 140 140 141 143 146 149 152 148 143 139 136 130 132 133 136 139 143 144 139 134 130 122 124 126 130 134 136 130 125 112 114 117 121 128 122 117 102 104 108 112 127 120 114 108 91 92 95 98 103 120 113 106 100 80 81 82 85 89 114 106 99 92 71 70 71 73 76 81 100 92 85 78 72 67 63 61 60 61 63 67 72 86 78 71 64 58 54 51 50 51 54 58 72 64 57 50 40 41 45 50 30 32 36 42 20 22 28 36 14 10 14 22 32 10 0 10 20 14 10 14 22 22 20 22 32 30 32
168 165 163 161 160 160 166 162 158 155 153 151 150 150 150 161 157 152 149 146 143 140 140 140 141 143 146 149 153 148 143 139 130 130 132 133 136 139 150 144 139 134 120 122 124 126 130 142 136 130 110 112 114 117 135 128 122 100 102 104 108 135 127 120 114 90 91 92 95 98 128 120 113 106 81 80 81 82 85 122 114 106 99 73 71 70 71 73 76 108 100 92 85 78 72 67 63 61 60 61 63 67 94 86 78 71 64 58 54 51 50 51 54 81 72 64 57 41 40 41 45 32 30 32 36 22 20 22 28 22 14 10 14 22 20 10 0 10 22 14 10 14 28 22 20 36 32 30
171 168 165 163 161 160 170 166 162 158 155 153 151 150 150 166 161 157 152 149 146 141 140 140 140 141 143 146 158 153 148 143 130 130 130 132 133 136 156 150 144 139 120 120 122 124 126 149 142 136 110 110 112 114 141 135 128 100 100 102 104 142 135 127 120 91 90 91 92 95 136 128 120 113 82 81 80 81 82 130 122 114 106 76 73 71 70 71 73 117 108 100 92 85 78 72 67 63 61 60 61 63 103 94 86 78 71 64 58 54 51 50 51 89 81 72 64 45 41 40 41 36 32 30 32 28 22 20 22 32 22 14 10 14 30 20 10 0 32 22 14 10 36 28 22 42 36 32
175 171 168 165 163 161 175 170 166 162 158 155 153 151 150 172 166 161 157 152 149 143 141 140 140 140 141 143 164 158 153 148 132 130 130 130 132 133 163 156 150 144 120 120 120 122 124 156 149 142 110 110 110 112 149 141 135 100 100 100 102 150 142 135 127 92 91 90 91 92 144 136 128 120 85 82 81 80 81 139 130 122 114 81 76 73 71 70 71 125 117 108 100 92 85 78 72 67 63 61 60 61 112 103 94 86 78 71 64 58 54 51 50 98 89 81 72 50 45 41 40 42 36 32 30 36 28 22 20 41 32 22 14 10 40 30 20 10 41 32 22 14 45 36 28 50 42 36
171 170 170 170 171 173 165 163 161 160 160 160 161 163 165 158 155 153 151 150 150 151 153 155 158 162 166 170 149 146 143 141 143 146 149 152 157 161 143 139 136 133 136 139 143 148 153 134 130 126 126 130 134 139 125 121 117 117 121 125 130 122 117 112 108 104 108 112 117 122 114 108 103 98 92 95 98 103 108 106 100 94 89 81 82 85 89 94 100 92 86 81 76 73 71 70 71 73 76 81 86 92 78 72 67 63 61 60 61 63 67 72 78 64 58 54 51 54 58 64 71 45 50 57 64 36 42 50 58 22 28 36 45 54 14 22 32 41 10 20 30 40 14 22 32 22 28 36
173 171 170 170 170 171 168 165 163 161 160 160 160 161 163 162 158 155 153 151 150 150 151 153 155 158 162 166 152 149 146 143 141 143 146 149 152 157 148 143 139 136 133 136 139 143 148 139 134 130 124 126 130 134 130 125 121 114 117 121 125 128 122 117 112 102 104 108 112 117 120 114 108 103 91 92 95 98 103 113 106 100 94 80 81 82 85 89 94 99 92 86 81 76 73 71 70 71 73 76 81 86 85 78 72 67 63 61 60 61 63 67 72 71 64 58 54 51 54 58 64 41 45 50 57 32 36 42 50 20 22 28 36 45 10 14 22 32 0 10 20 30 10 14 22 20 22 28
175 173 171 170 170 170 171 168 165 163 161 160 160 160 161 166 162 158 155 153 151 150 150 151 153 155 158 162 157 152 149 146 140 141 143 146 149 152 153 148 143 139 132 133 136 139 143 144 139 134 122 124 126 130 136 130 125 112 114 117 121 135 128 122 117 100 102 104 108 112 127 120 114 108 90 91 92 95 98 120 113 106 100 81 80 81 82 85 89 106 99 92 86 81 76 73 71 70 71 73 76 81 92 85 78 72 67 63 61 60 61 63 67 78 71 64 58 50 51 54 58 40 41 45 50 30 32 36 42 22 20 22 28 36 14 10 14 22 10 0 10 20 14 10 14 22 20 22
177 175 173 171 170 170 175 171 168 165 163 161 160 160 160 170 166 162 158 155 153 150 150 150 151 153 155 158 161 157 152 149 140 140 141 143 146 149 158 153 148 143 130 132 133 136 139 150 144 139 120 122 124 126 142 136 130 110 112 114 117 141 135 128 122 100 100 102 104 108 135 127 120 114 91 90 91 92 95 128 120 113 106 82 81 80 81 82 85 114 106 99 92 86 81 76 73 71 70 71 73 76 100 92 85 78 72 67 63 61 60 61 63 86 78 71 64 51 50 51 54 41 40 41 45 32 30 32 36 28 22 20 22 28 22 14 10 14 20 10 0 10 22 14 10 28 22 20
180 177 175 173 171 170 179 175 171 168 165 163 161 160 160 175 170 166 162 158 155 151 150 150 150 151 153 155 166 161 157 152 140 140 140 141 143 146 164 158 153 148 130 130 132 133 136 156 150 144 120 120 122 124 149 142 136 110 110 112 114 149 141 135 128 100 100 100 102 104 142 135 127 120 92 91 90 91 92 136 128 120 113 85 82 81 80 81 82 122 114 106 99 92 86 81 76 73 71 70 71 73 108 100 92 85 78 72 67 63 61 60 61 94 86 78 71 54 51 50 51 45 41 40 41 36 32 30 32 36 28 22 20 22 32 22 14 10 30 20 10 0 32 22 14 36 28 22
184 180 177 175 173 171 184 179 175 171 168 165 163 161 160 180 175 170 166 162 158 153 151 150 150 150 151 153 172 166 161 157 141 140 140 140 141 143 170 164 158 153 130 130 130 132 133 163 156 150 120 120 120 122 156 149 142 110 110 110 112 156 149 141 135 102 100 100 100 102 150 142 135 127 95 92 91 90 91 144 136 128 120 89 85 82 81 80 81 130 122 114 106 99 92 86 81 76 73 71 70 71 117 108 100 92 85 78 72 67 63 61 60 103 94 86 78 58 54 51 50 50 45 41 40 42 36 32 30 45 36 28 22 20 41 32 22 14 40 30 20 10 41 32 22 45 36 28
181 180 180 180 181 182 175 173 171 170 170 170 171 173 175 168 165 163 161 160 160 161 163 165 168 171 175 179 158 155 153 151 153 155 158 162 166 170 152 149 146 143 146 149 152 157 161 143 139 136 136 139 143 148 134 130 126 126 130 134 139 130 125 121 117 114 117 121 125 130 122 117 112 108 102 104 108 112 117 114 108 103 98 91 92 95 98 103 108 100 94 89 85 82 81 80 81 82 85 89 94 100 86 81 76 73 71 70 71 73 76 81 86 72 67 63 61 63 67 72 78 54 58 64 71 45 50 57 64 32 36 42 50 58 22 28 36 45 14 22 32 41 10 20 30 14 22 32
182 181 180 180 180 181 177 175 173 171 170 170 170 171 173 171 168 165 163 161 160 160 161 163 165 168 171 175 162 158 155 153 151 153 155 158 162 166 157 152 149 146 143 146 149 152 157 148 143 139 133 136 139 143 139 134 130 124 126 130 134 136 130 125 121 112 114 117 121 125 128 122 117 112 100 102 104 108 112 120 114 108 103 90 91 92 95 98 103 106 100 94 89 85 82 81 80 81 82 85 89 94 92 86 81 76 73 71 70 71 73 76 81 78 72 67 63 61 63 67 72 51 54 58 64 41 45 50 57 30 32 36 42 50 20 22 28 36 10 14 22 32 0 10 20 10 14 22
184 182 181 180 180 180 180 177 175 173 171 170 170 170 171 175 171 168 165 163 161 160 160 161 163 165 168 171 166 162 158 155 150 151 153 155 158 162 161 157 152 149 141 143 146 149 152 153 148 143 132 133 136 139 144 139 134 122 124 126 130 142 136 130 125 110 112 114 117 121 135 128 122 117 100 100 102 104 108 127 120 114 108 91 90 91 92 95 98 113 106 100 94 89 85 82 81 80 81 82 85 89 99 92 86 81 76 73 71 70 71 73 76 85 78 72 67 60 61 63 67 50 51 54 58 40 41 45 50 32 30 32 36 42 22 20 22 28 14 10 14 22 10 0 10 14 10 14
187 184 182 181 180 180 184 180 177 175 173 171 170 170 170 179 175 171 168 165 163 160 160 160 161 163 165 168 170 166 162 158 150 150 151 153 155 158 166 161 157 152 140 141 143 146 149 158 153 148 130 132 133 136 150 144 139 120 122 124 126 149 142 136 130 110 110 112 114 117 141 135 128 122 100 100 100 102 104 135 127 120 114 92 91 90 91 92 95 120 113 106 100 94 89 85 82 81 80 81 82 85 106 99 92 86 81 76 73 71 70 71 73 92 85 78 72 61 60 61 63 51 50 51 54 41 40 41 45 36 32 30 32 36 28 22 20 22 22 14 10 14 20 10 0 22 14 10
190 187 184 182 181 180 188 184 180 177 175 173 171 170 170 184 179 175 171 168 165 161 160 160 160 161 163 165 175 170 166 162 150 150 150 151 153 155 172 166 161 157 140 140 141 143 146 164 158 153 130 130 132 133 156 150 144 120 120 122 124 156 149 142 136 110 110 110 112 114 149 141 135 128 102 100 100 100 102 142 135 127 120 95 92 91 90 91 92 128 120 113 106 100 94 89 85 82 81 80 81 82 114 106 99 92 86 81 76 73 71 70 71 100 92 85 78 63 61 60 61 54 51 50 51 45 41 40 41 42 36 32 30 32 36 28 22 20 32 22 14 10 30 20 10 32 22 14
