176 106
1149 1787 4371 6412 6348 3031 1181 1435 4848 7464 8102 8102 8102 8102 8102 7974 6730 4816 191 1467 4880 7655 8102 8102 7240 5295 4242 8006 6379 8102 7304 7177 3317 4880 7464 8102 8102 5964 4529 255 6092 1275 6315 7846 7113 8070 669 255 4019 8070 8102 7432 4082 350 6698 1371 2232 8102 8102 8102 669 2296 7751 8102 7272 1722 95 1020 3700 7177 7719 8102 8133 5167 159 2392 7655 8102 7113 3476 4401 5677 5677 5390 6698 8006 7368 8102 8102 8102 7400 1212 287 5582 7783 8070 8133 8102 8102 8006 8102 8102 8102 8102 8102 8038 5454 797 510 4338 6220 5614 4657 4880 6379 8102 8102 8102 8102 4784 510 5167 8102 8102 7687 3157 95 3763 7974 8102 8102 2870 3189 7719 8102 8102 6730 223 1722 7687 8102 8102 7719 1881 4178 8102 8102 7783 2041 414 7942 8102 8102 4848 382 7272 8102 8102 6634 255 2488 8133 8102 8102 2105 6666 8102 8102 4370 7240 8133 7432 797 3604 8133 3444
10477 5675 124 14593 7858 3180 15841 7858 2369 11101 1933 3180 15841 5051 5862 15841 5176 5425 15841 3367 9978 15841 3492 11787 14843 249 810 14157 10477 124 12099 14718 3430 15841 7109 997 14656 10415 7172 15841 3118 6423 15841 6548 436 13783 14718 4677 9729 11226 11849 15716 15716 15778 15841 7109 935 15841 15841 15841 15716 13159 11163 11163 11163 15342 15841 15404 5862 498 13533 14905 7296 1372 14095 15841 15092 12286 873 1122 1683 15155 12910 2868 2307 6174 15841 8232 7234 15841 4178 7234 15841 3804 7234 15841 3804 10851 15903 6236 11662 15841 5176 7172 10976 623
54 63 41 51 61 40 50 60 41 32 22 41 51 61 45 36 28 45 54 63 50 42 36 50 58 67 64 57 50 45 57 64 71 64 58 58 64 71 78 72 67 67 72 78 92 86 81 76 73 71 70 71 73 76 81 86 100 94 89 85 82 81 80 81 82 85 89 94 100 108 103 98 95 92 95 98 103 108 112 108 102 104 108 112 117 112 114 117 122 124 126 132 133 136 141 143 146 151 153 155 161 163 165 171 173 175
45 54 32 41 51 30 40 50 51 41 32 32 41 51 54 45 36 36 45 54 58 50 42 42 50 58 72 64 57 50 50 57 78 71 64 54 58 64 85 78 72 63 67 72 99 92 86 81 76 73 71 70 71 73 76 81 106 100 94 89 85 82 81 80 81 82 85 89 94 114 108 103 98 95 92 95 98 103 117 112 100 102 104 108 112 110 112 114 120 122 124 130 132 133 140 141 143 150 151 153 160 161 163 170 171 173
36 45 22 32 41 20 30 40 61 51 41 22 32 41 63 54 45 28 36 45 67 58 50 36 42 50 81 72 64 57 45 50 86 78 71 51 54 58 92 85 78 61 63 67 106 99 92 86 81 76 73 71 70 71 73 76 113 106 100 94 89 85 82 81 80 81 82 85 89 120 114 108 103 98 91 92 95 98 122 117 100 100 102 104 108 110 110 112 120 120 122 130 130 132 140 140 141 150 150 151 160 160 161 170 170 171
28 36 14 22 32 10 20 30 71 61 51 14 22 32 73 63 54 22 28 36 76 67 58 32 36 42 89 81 72 64 41 45 94 86 78 50 51 54 100 92 85 60 61 63 114 106 99 92 86 81 76 73 71 70 71 73 120 113 106 100 94 89 85 82 81 80 81 82 85 127 120 114 108 103 90 91 92 95 128 122 100 100 100 102 104 110 110 110 120 120 120 130 130 130 140 140 140 150 150 150 160 160 160 170 170 170
22 28 10 14 22 0 10 20 81 71 61 10 14 22 82 73 63 20 22 28 85 76 67 30 32 36 98 89 81 72 40 41 103 94 86 51 50 51 108 100 92 61 60 61 122 114 106 99 92 86 81 76 73 71 70 71 128 120 113 106 100 94 89 85 82 81 80 81 82 135 127 120 114 108 91 90 91 92 135 128 102 100 100 100 102 112 110 110 122 120 120 132 130 130 141 140 140 151 150 150 161 160 160 171 170 170
20 22 14 10 14 10 0 10 91 81 71 14 10 14 92 82 73 22 20 22 95 85 76 32 30 32 108 98 89 81 41 40 112 103 94 54 51 50 117 108 100 63 61 60 130 122 114 106 99 92 86 81 76 73 71 70 136 128 120 113 106 100 94 89 85 82 81 80 81 142 135 127 120 114 92 91 90 91 141 135 104 102 100 100 100 114 112 110 124 122 120 133 132 130 143 141 140 153 151 150 163 161 160 173 171 170
22 20 22 14 10 20 10 0 100 91 81 22 14 10 102 92 82 28 22 20 104 95 85 36 32 30 117 108 98 89 45 41 121 112 103 58 54 51 125 117 108 67 63 61 139 130 122 114 106 99 92 86 81 76 73 71 144 136 128 120 113 106 100 94 89 85 82 81 80 150 142 135 127 120 95 92 91 90 149 141 108 104 102 100 100 117 114 112 126 124 122 136 133 132 146 143 141 155 153 151 165 163 161 175 173 171
76 85 63 73 82 61 71 81 20 10 0 60 70 80 22 14 10 61 71 81 28 22 20 63 73 82 42 36 32 30 67 76 50 45 41 64 72 81 58 54 51 71 78 86 72 67 63 61 60 61 63 67 72 78 85 92 81 76 73 71 70 71 73 76 81 86 92 99 106 89 85 82 81 80 94 100 106 113 95 92 98 103 108 114 120 108 112 117 117 121 125 126 130 134 136 139 143 146 149 152 155 158 162 165 168 171
67 76 54 63 73 51 61 71 30 20 10 50 60 70 32 22 14 51 61 71 36 28 22 54 63 73 50 42 36 32 58 67 57 50 45 57 64 72 64 58 54 64 71 78 78 72 67 63 61 60 61 63 67 72 78 85 86 81 76 73 71 70 71 73 76 81 86 92 99 94 89 85 82 81 89 94 100 106 98 95 95 98 103 108 114 104 108 112 114 117 121 124 126 130 133 136 139 143 146 149 153 155 158 163 165 168
58 67 45 54 63 41 51 61 40 30 20 40 50 60 41 32 22 41 51 61 45 36 28 45 54 63 58 50 42 36 50 58 64 57 50 50 57 64 71 64 58 58 64 71 85 78 72 67 63 61 60 61 63 67 72 78 92 86 81 76 73 71 70 71 73 76 81 86 92 100 94 89 85 82 85 89 94 100 103 98 92 95 98 103 108 102 104 108 112 114 117 122 124 126 132 133 136 141 143 146 151 153 155 161 163 165
50 58 36 45 54 32 41 51 50 40 30 30 40 50 51 41 32 32 41 51 54 45 36 36 45 54 67 58 50 42 42 50 72 64 57 45 50 57 78 71 64 54 58 64 92 85 78 72 67 63 61 60 61 63 67 72 99 92 86 81 76 73 71 70 71 73 76 81 86 106 100 94 89 85 82 85 89 94 108 103 91 92 95 98 103 100 102 104 110 112 114 120 122 124 130 132 133 140 141 143 150 151 153 160 161 163
42 50 28 36 45 22 32 41 60 50 40 20 30 40 61 51 41 22 32 41 63 54 45 28 36 45 76 67 58 50 36 42 81 72 64 41 45 50 86 78 71 51 54 58 100 92 85 78 72 67 63 61 60 61 63 67 106 99 92 86 81 76 73 71 70 71 73 76 81 113 106 100 94 89 81 82 85 89 114 108 90 91 92 95 98 100 100 102 110 110 112 120 120 122 130 130 132 140 140 141 150 150 151 160 160 161
36 42 22 28 36 14 22 32 70 60 50 10 20 30 71 61 51 14 22 32 73 63 54 22 28 36 85 76 67 58 32 36 89 81 72 40 41 45 94 86 78 50 51 54 108 100 92 85 78 72 67 63 61 60 61 63 114 106 99 92 86 81 76 73 71 70 71 73 76 120 113 106 100 94 80 81 82 85 120 114 91 90 91 92 95 100 100 100 110 110 110 120 120 120 130 130 130 140 140 140 150 150 150 160 160 160
32 36 20 22 28 10 14 22 80 70 60 0 10 20 81 71 61 10 14 22 82 73 63 20 22 28 95 85 76 67 30 32 98 89 81 41 40 41 103 94 86 51 50 51 117 108 100 92 85 78 72 67 63 61 60 61 122 114 106 99 92 86 81 76 73 71 70 71 73 128 120 113 106 100 81 80 81 82 127 120 92 91 90 91 92 102 100 100 112 110 110 122 120 120 132 130 130 141 140 140 151 150 150 161 160 160
30 32 22 20 22 14 10 14 90 80 70 10 0 10 91 81 71 14 10 14 92 82 73 22 20 22 104 95 85 76 32 30 108 98 89 45 41 40 112 103 94 54 51 50 125 117 108 100 92 85 78 72 67 63 61 60 130 122 114 106 99 92 86 81 76 73 71 70 71 136 128 120 113 106 82 81 80 81 135 127 95 92 91 90 91 104 102 100 114 112 110 124 122 120 133 132 130 143 141 140 153 151 150 163 161 160
32 30 28 22 20 22 14 10 100 90 80 20 10 0 100 91 81 22 14 10 102 92 82 28 22 20 114 104 95 85 36 32 117 108 98 50 45 41 121 112 103 58 54 51 134 125 117 108 100 92 85 78 72 67 63 61 139 130 122 114 106 99 92 86 81 76 73 71 70 144 136 128 120 113 85 82 81 80 142 135 98 95 92 91 90 108 104 102 117 114 112 126 124 122 136 133 132 146 143 141 155 153 151 165 163 161
36 32 36 28 22 32 22 14 110 100 90 30 20 10 110 100 91 32 22 14 112 102 92 36 28 22 124 114 104 95 42 36 126 117 108 57 50 45 130 121 112 64 58 54 143 134 125 117 108 100 92 85 78 72 67 63 148 139 130 122 114 106 99 92 86 81 76 73 71 153 144 136 128 120 89 85 82 81 150 142 103 98 95 92 91 112 108 104 121 117 114 130 126 124 139 136 133 149 146 143 158 155 153 168 165 163
42 36 45 36 28 41 32 22 120 110 100 40 30 20 120 110 100 41 32 22 122 112 102 45 36 28 133 124 114 104 50 42 136 126 117 64 57 50 139 130 121 71 64 58 152 143 134 125 117 108 100 92 85 78 72 67 157 148 139 130 122 114 106 99 92 86 81 76 73 161 153 144 136 128 94 89 85 82 158 150 108 103 98 95 92 117 112 108 125 121 117 134 130 126 143 139 136 152 149 146 162 158 155 171 168 165
50 42 54 45 36 51 41 32 130 120 110 50 40 30 130 120 110 51 41 32 132 122 112 54 45 36 143 133 124 114 58 50 146 136 126 72 64 57 149 139 130 78 71 64 162 152 143 134 125 117 108 100 92 85 78 72 166 157 148 139 130 122 114 106 99 92 86 81 76 170 161 153 144 136 100 94 89 85 166 158 114 108 103 98 95 122 117 112 130 125 121 139 134 130 148 143 139 157 152 149 166 162 158 175 171 168
98 108 85 95 104 82 92 102 10 14 22 81 91 100 0 10 20 80 90 100 10 14 22 81 91 100 22 20 22 28 82 92 32 30 32 76 85 95 41 40 41 81 89 98 54 51 50 51 54 58 64 71 78 86 94 103 63 61 60 61 63 67 72 78 85 92 100 108 117 73 71 70 71 73 99 106 114 122 81 80 100 106 113 120 128 108 114 120 117 122 128 125 130 136 134 139 144 143 148 153 152 157 161 162 166 170
89 98 76 85 95 73 82 92 14 10 14 71 81 91 10 0 10 70 80 90 14 10 14 71 81 91 28 22 20 22 73 82 36 32 30 67 76 85 45 41 40 72 81 89 58 54 51 50 51 54 58 64 71 78 86 94 67 63 61 60 61 63 67 72 78 85 92 100 108 76 73 71 70 71 92 99 106 114 82 81 94 100 106 113 120 103 108 114 112 117 122 121 125 130 130 134 139 139 143 148 149 152 157 158 162 166
81 89 67 76 85 63 73 82 22 14 10 61 71 81 20 10 0 60 70 80 22 14 10 61 71 81 36 28 22 20 63 73 42 36 32 58 67 76 50 45 41 64 72 81 64 58 54 51 50 51 54 58 64 71 78 86 72 67 63 61 60 61 63 67 72 78 85 92 100 81 76 73 71 70 86 92 99 106 85 82 89 94 100 106 113 98 103 108 108 112 117 117 121 125 126 130 134 136 139 143 146 149 152 155 158 162
72 81 58 67 76 54 63 73 32 22 14 51 61 71 30 20 10 50 60 70 32 22 14 51 61 71 45 36 28 22 54 63 50 42 36 50 58 67 57 50 45 57 64 72 71 64 58 54 51 50 51 54 58 64 71 78 78 72 67 63 61 60 61 63 67 72 78 85 92 86 81 76 73 71 81 86 92 99 89 85 85 89 94 100 106 95 98 103 104 108 112 114 117 121 124 126 130 133 136 139 143 146 149 153 155 158
64 72 50 58 67 45 54 63 41 32 22 41 51 61 40 30 20 40 50 60 41 32 22 41 51 61 54 45 36 28 45 54 58 50 42 42 50 58 64 57 50 50 57 64 78 71 64 58 54 51 50 51 54 58 64 71 85 78 72 67 63 61 60 61 63 67 72 78 85 92 86 81 76 73 76 81 86 92 94 89 82 85 89 94 100 92 95 98 102 104 108 112 114 117 122 124 126 132 133 136 141 143 146 151 153 155
57 64 42 50 58 36 45 54 51 41 32 32 41 51 50 40 30 30 40 50 51 41 32 32 41 51 63 54 45 36 36 45 67 58 50 36 42 50 72 64 57 45 50 57 86 78 71 64 58 54 51 50 51 54 58 64 92 85 78 72 67 63 61 60 61 63 67 72 78 99 92 86 81 76 73 76 81 86 100 94 81 82 85 89 94 91 92 95 100 102 104 110 112 114 120 122 124 130 132 133 140 141 143 150 151 153
50 57 36 42 50 28 36 45 61 51 41 22 32 41 60 50 40 20 30 40 61 51 41 22 32 41 73 63 54 45 28 36 76 67 58 32 36 42 81 72 64 41 45 50 94 86 78 71 64 58 54 51 50 51 54 58 100 92 85 78 72 67 63 61 60 61 63 67 72 106 99 92 86 81 71 73 76 81 106 100 80 81 82 85 89 90 91 92 100 100 102 110 110 112 120 120 122 130 130 132 140 140 141 150 150 151
45 50 32 36 42 22 28 36 71 61 51 14 22 32 70 60 50 10 20 30 71 61 51 14 22 32 82 73 63 54 22 28 85 76 67 30 32 36 89 81 72 40 41 45 103 94 86 78 71 64 58 54 51 50 51 54 108 100 92 85 78 72 67 63 61 60 61 63 67 114 106 99 92 86 70 71 73 76 113 106 81 80 81 82 85 91 90 91 100 100 100 110 110 110 120 120 120 130 130 130 140 140 140 150 150 150
41 45 30 32 36 20 22 28 81 71 61 10 14 22 80 70 60 0 10 20 81 71 61 10 14 22 92 82 73 63 20 22 95 85 76 32 30 32 98 89 81 41 40 41 112 103 94 86 78 71 64 58 54 51 50 51 117 108 100 92 85 78 72 67 63 61 60 61 63 122 114 106 99 92 71 70 71 73 120 113 82 81 80 81 82 92 91 90 102 100 100 112 110 110 122 120 120 132 130 130 141 140 140 151 150 150
40 41 32 30 32 22 20 22 91 81 71 14 10 14 90 80 70 10 0 10 91 81 71 14 10 14 102 92 82 73 22 20 104 95 85 36 32 30 108 98 89 45 41 40 121 112 103 94 86 78 71 64 58 54 51 50 125 117 108 100 92 85 78 72 67 63 61 60 61 130 122 114 106 99 73 71 70 71 128 120 85 82 81 80 81 95 92 91 104 102 100 114 112 110 124 122 120 133 132 130 143 141 140 153 151 150
41 40 36 32 30 28 22 20 100 91 81 22 14 10 100 90 80 20 10 0 100 91 81 22 14 10 112 102 92 82 28 22 114 104 95 42 36 32 117 108 98 50 45 41 130 121 112 103 94 86 78 71 64 58 54 51 134 125 117 108 100 92 85 78 72 67 63 61 60 139 130 122 114 106 76 73 71 70 136 128 89 85 82 81 80 98 95 92 108 104 102 117 114 112 126 124 122 136 133 132 146 143 141 155 153 151
45 41 42 36 32 36 28 22 110 100 91 32 22 14 110 100 90 30 20 10 110 100 91 32 22 14 122 112 102 92 36 28 124 114 104 50 42 36 126 117 108 57 50 45 139 130 121 112 103 94 86 78 71 64 58 54 143 134 125 117 108 100 92 85 78 72 67 63 61 148 139 130 122 114 81 76 73 71 144 136 94 89 85 82 81 103 98 95 112 108 104 121 117 114 130 126 124 139 136 133 149 146 143 158 155 153
50 45 50 42 36 45 36 28 120 110 100 41 32 22 120 110 100 40 30 20 120 110 100 41 32 22 132 122 112 102 45 36 133 124 114 58 50 42 136 126 117 64 57 50 149 139 130 121 112 103 94 86 78 71 64 58 152 143 134 125 117 108 100 92 85 78 72 67 63 157 148 139 130 122 86 81 76 73 153 144 100 94 89 85 82 108 103 98 117 112 108 125 121 117 134 130 126 143 139 136 152 149 146 162 158 155
57 50 58 50 42 54 45 36 130 120 110 51 41 32 130 120 110 50 40 30 130 120 110 51 41 32 141 132 122 112 54 45 143 133 124 67 58 50 146 136 126 72 64 57 158 149 139 130 121 112 103 94 86 78 71 64 162 152 143 134 125 117 108 100 92 85 78 72 67 166 157 148 139 130 92 86 81 76 161 153 106 100 94 89 85 114 108 103 122 117 112 130 125 121 139 134 130 148 143 139 157 152 149 166 162 158
112 121 98 108 117 95 104 114 22 28 36 92 102 112 14 22 32 91 100 110 10 20 30 90 100 110 10 14 22 32 91 100 20 22 28 82 92 102 30 32 36 85 95 104 41 40 41 45 50 57 64 72 81 89 98 108 51 50 51 54 58 64 71 78 86 94 103 112 121 61 60 61 63 67 100 108 117 125 70 71 99 106 114 122 130 106 113 120 114 120 127 122 128 135 130 136 142 139 144 150 148 153 158 157 161 166
103 112 89 98 108 85 95 104 20 22 28 82 92 102 10 14 22 81 91 100 0 10 20 80 90 100 14 10 14 22 81 91 22 20 22 73 82 92 32 30 32 76 85 95 45 41 40 41 45 50 57 64 72 81 89 98 54 51 50 51 54 58 64 71 78 86 94 103 112 63 61 60 61 63 92 100 108 117 71 70 92 99 106 114 122 100 106 113 108 114 120 117 122 128 125 130 136 134 139 144 143 148 153 152 157 161
94 103 81 89 98 76 85 95 22 20 22 73 82 92 14 10 14 71 81 91 10 0 10 70 80 90 22 14 10 14 71 81 28 22 20 63 73 82 36 32 30 67 76 85 50 45 41 40 41 45 50 57 64 72 81 89 58 54 51 50 51 54 58 64 71 78 86 94 103 67 63 61 60 61 85 92 100 108 73 71 86 92 99 106 114 94 100 106 103 108 114 112 117 122 121 125 130 130 134 139 139 143 148 149 152 157
86 94 72 81 89 67 76 85 28 22 20 63 73 82 22 14 10 61 71 81 20 10 0 60 70 80 32 22 14 10 61 71 36 28 22 54 63 73 42 36 32 58 67 76 57 50 45 41 40 41 45 50 57 64 72 81 64 58 54 51 50 51 54 58 64 71 78 86 94 72 67 63 61 60 78 85 92 100 76 73 81 86 92 99 106 89 94 100 98 103 108 108 112 117 117 121 125 126 130 134 136 139 143 146 149 152
78 86 64 72 81 58 67 76 36 28 22 54 63 73 32 22 14 51 61 71 30 20 10 50 60 70 41 32 22 14 51 61 45 36 28 45 54 63 50 42 36 50 58 67 64 57 50 45 41 40 41 45 50 57 64 72 71 64 58 54 51 50 51 54 58 64 71 78 86 78 72 67 63 61 72 78 85 92 81 76 76 81 86 92 99 85 89 94 95 98 103 104 108 112 114 117 121 124 126 130 133 136 139 143 146 149
71 78 57 64 72 50 58 67 45 36 28 45 54 63 41 32 22 41 51 61 40 30 20 40 50 60 51 41 32 22 41 51 54 45 36 36 45 54 58 50 42 42 50 58 72 64 57 50 45 41 40 41 45 50 57 64 78 71 64 58 54 51 50 51 54 58 64 71 78 85 78 72 67 63 67 72 78 85 86 81 73 76 81 86 92 82 85 89 92 95 98 102 104 108 112 114 117 122 124 126 132 133 136 141 143 146
64 71 50 57 64 42 50 58 54 45 36 36 45 54 51 41 32 32 41 51 50 40 30 30 40 50 61 51 41 32 32 41 63 54 45 28 36 45 67 58 50 36 42 50 81 72 64 57 50 45 41 40 41 45 50 57 86 78 71 64 58 54 51 50 51 54 58 64 71 92 85 78 72 67 63 67 72 78 92 86 71 73 76 81 86 81 82 85 91 92 95 100 102 104 110 112 114 120 122 124 130 132 133 140 141 143
51 54 40 41 45 30 32 36 82 73 63 20 22 28 81 71 61 10 14 22 80 70 60 0 10 20 91 81 71 61 10 14 92 82 73 22 20 22 95 85 76 32 30 32 108 98 89 81 72 64 57 50 45 41 40 41 112 103 94 86 78 71 64 58 54 51 50 51 54 117 108 100 92 85 61 60 61 63 114 106 73 71 70 71 73 82 81 80 92 91 90 102 100 100 112 110 110 122 120 120 132 130 130 141 140 140
50 51 41 40 41 32 30 32 92 82 73 22 20 22 91 81 71 14 10 14 90 80 70 10 0 10 100 91 81 71 14 10 102 92 82 28 22 20 104 95 85 36 32 30 117 108 98 89 81 72 64 57 50 45 41 40 121 112 103 94 86 78 71 64 58 54 51 50 51 125 117 108 100 92 63 61 60 61 122 114 76 73 71 70 71 85 82 81 95 92 91 104 102 100 114 112 110 124 122 120 133 132 130 143 141 140
51 50 45 41 40 36 32 30 102 92 82 28 22 20 100 91 81 22 14 10 100 90 80 20 10 0 110 100 91 81 22 14 112 102 92 36 28 22 114 104 95 42 36 32 126 117 108 98 89 81 72 64 57 50 45 41 130 121 112 103 94 86 78 71 64 58 54 51 50 134 125 117 108 100 67 63 61 60 130 122 81 76 73 71 70 89 85 82 98 95 92 108 104 102 117 114 112 126 124 122 136 133 132 146 143 141
54 51 50 45 41 42 36 32 112 102 92 36 28 22 110 100 91 32 22 14 110 100 90 30 20 10 120 110 100 91 32 22 122 112 102 45 36 28 124 114 104 50 42 36 136 126 117 108 98 89 81 72 64 57 50 45 139 130 121 112 103 94 86 78 71 64 58 54 51 143 134 125 117 108 72 67 63 61 139 130 86 81 76 73 71 94 89 85 103 98 95 112 108 104 121 117 114 130 126 124 139 136 133 149 146 143
58 54 57 50 45 50 42 36 122 112 102 45 36 28 120 110 100 41 32 22 120 110 100 40 30 20 130 120 110 100 41 32 132 122 112 54 45 36 133 124 114 58 50 42 146 136 126 117 108 98 89 81 72 64 57 50 149 139 130 121 112 103 94 86 78 71 64 58 54 152 143 134 125 117 78 72 67 63 148 139 92 86 81 76 73 100 94 89 108 103 98 117 112 108 125 121 117 134 130 126 143 139 136 152 149 146
64 58 64 57 50 58 50 42 132 122 112 54 45 36 130 120 110 51 41 32 130 120 110 50 40 30 140 130 120 110 51 41 141 132 122 63 54 45 143 133 124 67 58 50 155 146 136 126 117 108 98 89 81 72 64 57 158 149 139 130 121 112 103 94 86 78 71 64 58 162 152 143 134 125 85 78 72 67 157 148 99 92 86 81 76 106 100 94 114 108 103 122 117 112 130 125 121 139 134 130 148 143 139 157 152 149
71 64 72 64 57 67 58 50 141 132 122 63 54 45 140 130 120 61 51 41 140 130 120 60 50 40 150 140 130 120 61 51 151 141 132 73 63 54 153 143 133 76 67 58 165 155 146 136 126 117 108 98 89 81 72 64 168 158 149 139 130 121 112 103 94 86 78 71 64 171 162 152 143 134 92 85 78 72 166 157 106 99 92 86 81 113 106 100 120 114 108 128 122 117 136 130 125 144 139 134 153 148 143 161 157 152
134 143 121 130 139 117 126 136 42 50 58 114 124 133 36 45 54 112 122 132 32 41 51 110 120 130 20 30 40 50 110 120 22 32 41 100 110 120 28 36 45 102 112 122 32 36 42 50 58 67 76 85 95 104 114 124 41 45 50 57 64 72 81 89 98 108 117 126 136 51 54 58 64 71 112 121 130 139 63 67 108 117 125 134 143 114 122 130 120 128 136 127 135 142 135 141 149 142 149 156 150 156 163 158 164 170
125 134 112 121 130 108 117 126 36 42 50 104 114 124 28 36 45 102 112 122 22 32 41 100 110 120 10 20 30 40 100 110 14 22 32 91 100 110 22 28 36 92 102 112 30 32 36 42 50 58 67 76 85 95 104 114 40 41 45 50 57 64 72 81 89 98 108 117 126 50 51 54 58 64 103 112 121 130 61 63 100 108 117 125 134 106 114 122 113 120 128 120 127 135 128 135 141 136 142 149 144 150 156 153 158 164
117 125 103 112 121 98 108 117 32 36 42 95 104 114 22 28 36 92 102 112 14 22 32 91 100 110 0 10 20 30 90 100 10 14 22 81 91 100 20 22 28 82 92 102 32 30 32 36 42 50 58 67 76 85 95 104 41 40 41 45 50 57 64 72 81 89 98 108 117 51 50 51 54 58 94 103 112 121 60 61 92 100 108 117 125 99 106 114 106 113 120 114 120 127 122 128 135 130 136 142 139 144 150 148 153 158
108 117 94 103 112 89 98 108 30 32 36 85 95 104 20 22 28 82 92 102 10 14 22 81 91 100 10 0 10 20 80 90 14 10 14 71 81 91 22 20 22 73 82 92 36 32 30 32 36 42 50 58 67 76 85 95 45 41 40 41 45 50 57 64 72 81 89 98 108 54 51 50 51 54 86 94 103 112 61 60 85 92 100 108 117 92 99 106 100 106 113 108 114 120 117 122 128 125 130 136 134 139 144 143 148 153
100 108 86 94 103 81 89 98 32 30 32 76 85 95 22 20 22 73 82 92 14 10 14 71 81 91 20 10 0 10 70 80 22 14 10 61 71 81 28 22 20 63 73 82 42 36 32 30 32 36 42 50 58 67 76 85 50 45 41 40 41 45 50 57 64 72 81 89 98 58 54 51 50 51 78 86 94 103 63 61 78 85 92 100 108 86 92 99 94 100 106 103 108 114 112 117 122 121 125 130 130 134 139 139 143 148
92 100 78 86 94 72 81 89 36 32 30 67 76 85 28 22 20 63 73 82 22 14 10 61 71 81 30 20 10 0 60 70 32 22 14 51 61 71 36 28 22 54 63 73 50 42 36 32 30 32 36 42 50 58 67 76 57 50 45 41 40 41 45 50 57 64 72 81 89 64 58 54 51 50 71 78 86 94 67 63 72 78 85 92 100 81 86 92 89 94 100 98 103 108 108 112 117 117 121 125 126 130 134 136 139 143
85 92 71 78 86 64 72 81 42 36 32 58 67 76 36 28 22 54 63 73 32 22 14 51 61 71 40 30 20 10 50 60 41 32 22 41 51 61 45 36 28 45 54 63 58 50 42 36 32 30 32 36 42 50 58 67 64 57 50 45 41 40 41 45 50 57 64 72 81 71 64 58 54 51 64 71 78 86 72 67 67 72 78 85 92 76 81 86 85 89 94 95 98 103 104 108 112 114 117 121 124 126 130 133 136 139
61 63 50 51 54 40 41 45 85 76 67 30 32 36 82 73 63 20 22 28 81 71 61 10 14 22 90 80 70 60 0 10 91 81 71 14 10 14 92 82 73 22 20 22 104 95 85 76 67 58 50 42 36 32 30 32 108 98 89 81 72 64 57 50 45 41 40 41 45 112 103 94 86 78 51 50 51 54 108 100 63 61 60 61 63 73 71 70 82 81 80 92 91 90 102 100 100 112 110 110 122 120 120 132 130 130
60 61 51 50 51 41 40 41 95 85 76 32 30 32 92 82 73 22 20 22 91 81 71 14 10 14 100 90 80 70 10 0 100 91 81 22 14 10 102 92 82 28 22 20 114 104 95 85 76 67 58 50 42 36 32 30 117 108 98 89 81 72 64 57 50 45 41 40 41 121 112 103 94 86 54 51 50 51 117 108 67 63 61 60 61 76 73 71 85 82 81 95 92 91 104 102 100 114 112 110 124 122 120 133 132 130
61 60 54 51 50 45 41 40 104 95 85 36 32 30 102 92 82 28 22 20 100 91 81 22 14 10 110 100 90 80 20 10 110 100 91 32 22 14 112 102 92 36 28 22 124 114 104 95 85 76 67 58 50 42 36 32 126 117 108 98 89 81 72 64 57 50 45 41 40 130 121 112 103 94 58 54 51 50 125 117 72 67 63 61 60 81 76 73 89 85 82 98 95 92 108 104 102 117 114 112 126 124 122 136 133 132
63 61 58 54 51 50 45 41 114 104 95 42 36 32 112 102 92 36 28 22 110 100 91 32 22 14 120 110 100 90 30 20 120 110 100 41 32 22 122 112 102 45 36 28 133 124 114 104 95 85 76 67 58 50 42 36 136 126 117 108 98 89 81 72 64 57 50 45 41 139 130 121 112 103 64 58 54 51 134 125 78 72 67 63 61 86 81 76 94 89 85 103 98 95 112 108 104 121 117 114 130 126 124 139 136 133
67 63 64 58 54 57 50 45 124 114 104 50 42 36 122 112 102 45 36 28 120 110 100 41 32 22 130 120 110 100 40 30 130 120 110 51 41 32 132 122 112 54 45 36 143 133 124 114 104 95 85 76 67 58 50 42 146 136 126 117 108 98 89 81 72 64 57 50 45 149 139 130 121 112 71 64 58 54 143 134 85 78 72 67 63 92 86 81 100 94 89 108 103 98 117 112 108 125 121 117 134 130 126 143 139 136
72 67 71 64 58 64 57 50 133 124 114 58 50 42 132 122 112 54 45 36 130 120 110 51 41 32 140 130 120 110 50 40 140 130 120 61 51 41 141 132 122 63 54 45 153 143 133 124 114 104 95 85 76 67 58 50 155 146 136 126 117 108 98 89 81 72 64 57 50 158 149 139 130 121 78 71 64 58 152 143 92 85 78 72 67 99 92 86 106 100 94 114 108 103 122 117 112 130 125 121 139 134 130 148 143 139
78 72 78 71 64 72 64 57 143 133 124 67 58 50 141 132 122 63 54 45 140 130 120 61 51 41 150 140 130 120 60 50 150 140 130 71 61 51 151 141 132 73 63 54 163 153 143 133 124 114 104 95 85 76 67 58 165 155 146 136 126 117 108 98 89 81 72 64 57 168 158 149 139 130 86 78 71 64 162 152 100 92 85 78 72 106 99 92 113 106 100 120 114 108 128 122 117 136 130 125 144 139 134 153 148 143
139 148 125 134 143 121 130 139 50 57 64 117 126 136 42 50 58 114 124 133 36 45 54 112 122 132 22 32 41 51 110 120 20 30 40 100 110 120 22 32 41 100 110 120 22 28 36 45 54 63 73 82 92 102 112 122 32 36 42 50 58 67 76 85 95 104 114 124 133 41 45 50 57 64 108 117 126 136 54 58 103 112 121 130 139 108 117 125 114 122 130 120 128 136 127 135 142 135 141 149 142 149 156 150 156 163
130 139 117 125 134 112 121 130 45 50 57 108 117 126 36 42 50 104 114 124 28 36 45 102 112 122 14 22 32 41 100 110 10 20 30 90 100 110 14 22 32 91 100 110 20 22 28 36 45 54 63 73 82 92 102 112 30 32 36 42 50 58 67 76 85 95 104 114 124 40 41 45 50 57 98 108 117 126 51 54 94 103 112 121 130 100 108 117 106 114 122 113 120 128 120 127 135 128 135 141 136 142 149 144 150 156
122 130 108 117 125 103 112 121 41 45 50 98 108 117 32 36 42 95 104 114 22 28 36 92 102 112 10 14 22 32 91 100 0 10 20 80 90 100 10 14 22 81 91 100 22 20 22 28 36 45 54 63 73 82 92 102 32 30 32 36 42 50 58 67 76 85 95 104 114 41 40 41 45 50 89 98 108 117 50 51 86 94 103 112 121 92 100 108 99 106 114 106 113 120 114 120 127 122 128 135 130 136 142 139 144 150
114 122 100 108 117 94 103 112 40 41 45 89 98 108 30 32 36 85 95 104 20 22 28 82 92 102 14 10 14 22 81 91 10 0 10 70 80 90 14 10 14 71 81 91 28 22 20 22 28 36 45 54 63 73 82 92 36 32 30 32 36 42 50 58 67 76 85 95 104 45 41 40 41 45 81 89 98 108 51 50 78 86 94 103 112 85 92 100 92 99 106 100 106 113 108 114 120 117 122 128 125 130 136 134 139 144
106 114 92 100 108 86 94 103 41 40 41 81 89 98 32 30 32 76 85 95 22 20 22 73 82 92 22 14 10 14 71 81 20 10 0 60 70 80 22 14 10 61 71 81 36 28 22 20 22 28 36 45 54 63 73 82 42 36 32 30 32 36 42 50 58 67 76 85 95 50 45 41 40 41 72 81 89 98 54 51 71 78 86 94 103 78 85 92 86 92 99 94 100 106 103 108 114 112 117 122 121 125 130 130 134 139
76 81 63 67 72 54 58 64 72 64 57 45 50 57 67 58 50 36 42 50 63 54 45 28 36 45 71 61 51 41 22 32 70 60 50 10 20 30 71 61 51 14 22 32 82 73 63 54 45 36 28 22 20 22 28 36 85 76 67 58 50 42 36 32 30 32 36 42 50 89 81 72 64 57 41 45 50 57 86 78 50 51 54 58 64 60 61 63 70 71 73 80 81 82 90 91 92 100 100 102 110 110 112 120 120 122
73 76 61 63 67 51 54 58 81 72 64 41 45 50 76 67 58 32 36 42 73 63 54 22 28 36 81 71 61 51 14 22 80 70 60 0 10 20 81 71 61 10 14 22 92 82 73 63 54 45 36 28 22 20 22 28 95 85 76 67 58 50 42 36 32 30 32 36 42 98 89 81 72 64 40 41 45 50 94 86 51 50 51 54 58 61 60 61 71 70 71 81 80 81 91 90 91 100 100 100 110 110 110 120 120 120
71 73 60 61 63 50 51 54 89 81 72 40 41 45 85 76 67 30 32 36 82 73 63 20 22 28 91 81 71 61 10 14 90 80 70 10 0 10 91 81 71 14 10 14 102 92 82 73 63 54 45 36 28 22 20 22 104 95 85 76 67 58 50 42 36 32 30 32 36 108 98 89 81 72 41 40 41 45 103 94 54 51 50 51 54 63 61 60 73 71 70 82 81 80 92 91 90 102 100 100 112 110 110 122 120 120
70 71 61 60 61 51 50 51 98 89 81 41 40 41 95 85 76 32 30 32 92 82 73 22 20 22 100 91 81 71 14 10 100 90 80 20 10 0 100 91 81 22 14 10 112 102 92 82 73 63 54 45 36 28 22 20 114 104 95 85 76 67 58 50 42 36 32 30 32 117 108 98 89 81 45 41 40 41 112 103 58 54 51 50 51 67 63 61 76 73 71 85 82 81 95 92 91 104 102 100 114 112 110 124 122 120
71 70 63 61 60 54 51 50 108 98 89 45 41 40 104 95 85 36 32 30 102 92 82 28 22 20 110 100 91 81 22 14 110 100 90 30 20 10 110 100 91 32 22 14 122 112 102 92 82 73 63 54 45 36 28 22 124 114 104 95 85 76 67 58 50 42 36 32 30 126 117 108 98 89 50 45 41 40 121 112 64 58 54 51 50 72 67 63 81 76 73 89 85 82 98 95 92 108 104 102 117 114 112 126 124 122
73 71 67 63 61 58 54 51 117 108 98 50 45 41 114 104 95 42 36 32 112 102 92 36 28 22 120 110 100 91 32 22 120 110 100 40 30 20 120 110 100 41 32 22 132 122 112 102 92 82 73 63 54 45 36 28 133 124 114 104 95 85 76 67 58 50 42 36 32 136 126 117 108 98 57 50 45 41 130 121 71 64 58 54 51 78 72 67 86 81 76 94 89 85 103 98 95 112 108 104 121 117 114 130 126 124
76 73 72 67 63 64 58 54 126 117 108 57 50 45 124 114 104 50 42 36 122 112 102 45 36 28 130 120 110 100 41 32 130 120 110 50 40 30 130 120 110 51 41 32 141 132 122 112 102 92 82 73 63 54 45 36 143 133 124 114 104 95 85 76 67 58 50 42 36 146 136 126 117 108 64 57 50 45 139 130 78 71 64 58 54 85 78 72 92 86 81 100 94 89 108 103 98 117 112 108 125 121 117 134 130 126
81 76 78 72 67 71 64 58 136 126 117 64 57 50 133 124 114 58 50 42 132 122 112 54 45 36 140 130 120 110 51 41 140 130 120 60 50 40 140 130 120 61 51 41 151 141 132 122 112 102 92 82 73 63 54 45 153 143 133 124 114 104 95 85 76 67 58 50 42 155 146 136 126 117 72 64 57 50 149 139 86 78 71 64 58 92 85 78 99 92 86 106 100 94 114 108 103 122 117 112 130 125 121 139 134 130
86 81 85 78 72 78 71 64 146 136 126 72 64 57 143 133 124 67 58 50 141 132 122 63 54 45 150 140 130 120 61 51 150 140 130 70 60 50 150 140 130 71 61 51 161 151 141 132 122 112 102 92 82 73 63 54 163 153 143 133 124 114 104 95 85 76 67 58 50 165 155 146 136 126 81 72 64 57 158 149 94 86 78 71 64 100 92 85 106 99 92 113 106 100 120 114 108 128 122 117 136 130 125 144 139 134
144 153 130 139 148 125 134 143 58 64 71 121 130 139 50 57 64 117 126 136 42 50 58 114 124 133 28 36 45 54 112 122 22 32 41 100 110 120 20 30 40 100 110 120 14 22 32 41 51 61 71 81 91 100 110 120 22 28 36 45 54 63 73 82 92 102 112 122 132 32 36 42 50 58 104 114 124 133 45 50 98 108 117 126 136 103 112 121 108 117 125 114 122 130 120 128 136 127 135 142 135 141 149 142 149 156
136 144 122 130 139 117 125 134 54 58 64 112 121 130 45 50 57 108 117 126 36 42 50 104 114 124 22 28 36 45 102 112 14 22 32 91 100 110 10 20 30 90 100 110 10 14 22 32 41 51 61 71 81 91 100 110 20 22 28 36 45 54 63 73 82 92 102 112 122 30 32 36 42 50 95 104 114 124 41 45 89 98 108 117 126 94 103 112 100 108 117 106 114 122 113 120 128 120 127 135 128 135 141 136 142 149
128 136 114 122 130 108 117 125 51 54 58 103 112 121 41 45 50 98 108 117 32 36 42 95 104 114 20 22 28 36 92 102 10 14 22 81 91 100 0 10 20 80 90 100 14 10 14 22 32 41 51 61 71 81 91 100 22 20 22 28 36 45 54 63 73 82 92 102 112 32 30 32 36 42 85 95 104 114 40 41 81 89 98 108 117 86 94 103 92 100 108 99 106 114 106 113 120 114 120 127 122 128 135 130 136 142
120 128 106 114 122 100 108 117 50 51 54 94 103 112 40 41 45 89 98 108 30 32 36 85 95 104 22 20 22 28 82 92 14 10 14 71 81 91 10 0 10 70 80 90 22 14 10 14 22 32 41 51 61 71 81 91 28 22 20 22 28 36 45 54 63 73 82 92 102 36 32 30 32 36 76 85 95 104 41 40 72 81 89 98 108 78 86 94 85 92 100 92 99 106 100 106 113 108 114 120 117 122 128 125 130 136
113 120 99 106 114 92 100 108 51 50 51 86 94 103 41 40 41 81 89 98 32 30 32 76 85 95 28 22 20 22 73 82 22 14 10 61 71 81 20 10 0 60 70 80 32 22 14 10 14 22 32 41 51 61 71 81 36 28 22 20 22 28 36 45 54 63 73 82 92 42 36 32 30 32 67 76 85 95 45 41 64 72 81 89 98 71 78 86 78 85 92 86 92 99 94 100 106 103 108 114 112 117 122 121 125 130
106 113 92 99 106 85 92 100 54 51 50 78 86 94 45 41 40 72 81 89 36 32 30 67 76 85 36 28 22 20 63 73 32 22 14 51 61 71 30 20 10 50 60 70 41 32 22 14 10 14 22 32 41 51 61 71 45 36 28 22 20 22 28 36 45 54 63 73 82 50 42 36 32 30 58 67 76 85 50 45 57 64 72 81 89 64 71 78 72 78 85 81 86 92 89 94 100 98 103 108 108 112 117 117 121 125
100 106 86 92 99 78 85 92 58 54 51 71 78 86 50 45 41 64 72 81 42 36 32 58 67 76 45 36 28 22 54 63 41 32 22 41 51 61 40 30 20 40 50 60 51 41 32 22 14 10 14 22 32 41 51 61 54 45 36 28 22 20 22 28 36 45 54 63 73 58 50 42 36 32 50 58 67 76 57 50 50 57 64 72 81 58 64 71 67 72 78 76 81 86 85 89 94 95 98 103 104 108 112 114 117 121
94 100 81 86 92 72 78 85 64 58 54 64 71 78 57 50 45 57 64 72 50 42 36 50 58 67 54 45 36 28 45 54 51 41 32 32 41 51 50 40 30 30 40 50 61 51 41 32 22 14 10 14 22 32 41 51 63 54 45 36 28 22 20 22 28 36 45 54 63 67 58 50 42 36 42 50 58 67 64 57 45 50 57 64 72 54 58 64 63 67 72 73 76 81 82 85 89 92 95 98 102 104 108 112 114 117
89 94 76 81 86 67 72 78 71 64 58 58 64 71 64 57 50 50 57 64 58 50 42 42 50 58 63 54 45 36 36 45 61 51 41 22 32 41 60 50 40 20 30 40 71 61 51 41 32 22 14 10 14 22 32 41 73 63 54 45 36 28 22 20 22 28 36 45 54 76 67 58 50 42 36 42 50 58 72 64 41 45 50 57 64 51 54 58 61 63 67 71 73 76 81 82 85 91 92 95 100 102 104 110 112 114
85 89 73 76 81 63 67 72 78 71 64 54 58 64 72 64 57 45 50 57 67 58 50 36 42 50 73 63 54 45 28 36 71 61 51 14 22 32 70 60 50 10 20 30 81 71 61 51 41 32 22 14 10 14 22 32 82 73 63 54 45 36 28 22 20 22 28 36 45 85 76 67 58 50 32 36 42 50 81 72 40 41 45 50 57 50 51 54 60 61 63 70 71 73 80 81 82 90 91 92 100 100 102 110 110 112
82 85 71 73 76 61 63 67 86 78 71 51 54 58 81 72 64 41 45 50 76 67 58 32 36 42 82 73 63 54 22 28 81 71 61 10 14 22 80 70 60 0 10 20 91 81 71 61 51 41 32 22 14 10 14 22 92 82 73 63 54 45 36 28 22 20 22 28 36 95 85 76 67 58 30 32 36 42 89 81 41 40 41 45 50 51 50 51 61 60 61 71 70 71 81 80 81 91 90 91 100 100 100 110 110 110
81 82 70 71 73 60 61 63 94 86 78 50 51 54 89 81 72 40 41 45 85 76 67 30 32 36 92 82 73 63 20 22 91 81 71 14 10 14 90 80 70 10 0 10 100 91 81 71 61 51 41 32 22 14 10 14 102 92 82 73 63 54 45 36 28 22 20 22 28 104 95 85 76 67 32 30 32 36 98 89 45 41 40 41 45 54 51 50 63 61 60 73 71 70 82 81 80 92 91 90 102 100 100 112 110 110
80 81 71 70 71 61 60 61 103 94 86 51 50 51 98 89 81 41 40 41 95 85 76 32 30 32 102 92 82 73 22 20 100 91 81 22 14 10 100 90 80 20 10 0 110 100 91 81 71 61 51 41 32 22 14 10 112 102 92 82 73 63 54 45 36 28 22 20 22 114 104 95 85 76 36 32 30 32 108 98 50 45 41 40 41 58 54 51 67 63 61 76 73 71 85 82 81 95 92 91 104 102 100 114 112 110
81 80 73 71 70 63 61 60 112 103 94 54 51 50 108 98 89 45 41 40 104 95 85 36 32 30 112 102 92 82 28 22 110 100 91 32 22 14 110 100 90 30 20 10 120 110 100 91 81 71 61 51 41 32 22 14 122 112 102 92 82 73 63 54 45 36 28 22 20 124 114 104 95 85 42 36 32 30 117 108 57 50 45 41 40 64 58 54 72 67 63 81 76 73 89 85 82 98 95 92 108 104 102 117 114 112
82 81 76 73 71 67 63 61 121 112 103 58 54 51 117 108 98 50 45 41 114 104 95 42 36 32 122 112 102 92 36 28 120 110 100 41 32 22 120 110 100 40 30 20 130 120 110 100 91 81 71 61 51 41 32 22 132 122 112 102 92 82 73 63 54 45 36 28 22 133 124 114 104 95 50 42 36 32 126 117 64 57 50 45 41 71 64 58 78 72 67 86 81 76 94 89 85 103 98 95 112 108 104 121 117 114
85 82 81 76 73 72 67 63 130 121 112 64 58 54 126 117 108 57 50 45 124 114 104 50 42 36 132 122 112 102 45 36 130 120 110 51 41 32 130 120 110 50 40 30 140 130 120 110 100 91 81 71 61 51 41 32 141 132 122 112 102 92 82 73 63 54 45 36 28 143 133 124 114 104 58 50 42 36 136 126 72 64 57 50 45 78 71 64 85 78 72 92 86 81 100 94 89 108 103 98 117 112 108 125 121 117
89 85 86 81 76 78 72 67 139 130 121 71 64 58 136 126 117 64 57 50 133 124 114 58 50 42 141 132 122 112 54 45 140 130 120 61 51 41 140 130 120 60 50 40 150 140 130 120 110 100 91 81 71 61 51 41 151 141 132 122 112 102 92 82 73 63 54 45 36 153 143 133 124 114 67 58 50 42 146 136 81 72 64 57 50 86 78 71 92 85 78 99 92 86 106 100 94 114 108 103 122 117 112 130 125 121
150 158 136 144 153 130 139 148 67 72 78 125 134 143 58 64 71 121 130 139 50 57 64 117 126 136 36 42 50 58 114 124 28 36 45 102 112 122 22 32 41 100 110 120 10 20 30 40 50 60 70 80 90 100 110 120 14 22 32 41 51 61 71 81 91 100 110 120 130 22 28 36 45 54 102 112 122 132 36 42 95 104 114 124 133 98 108 117 103 112 121 108 117 125 114 122 130 120 128 136 127 135 142 135 141 149
142 150 128 136 144 122 130 139 63 67 72 117 125 134 54 58 64 112 121 130 45 50 57 108 117 126 32 36 42 50 104 114 22 28 36 92 102 112 14 22 32 91 100 110 0 10 20 30 40 50 60 70 80 90 100 110 10 14 22 32 41 51 61 71 81 91 100 110 120 20 22 28 36 45 92 102 112 122 32 36 85 95 104 114 124 89 98 108 94 103 112 100 108 117 106 114 122 113 120 128 120 127 135 128 135 141
135 142 120 128 136 114 122 130 61 63 67 108 117 125 51 54 58 103 112 121 41 45 50 98 108 117 30 32 36 42 95 104 20 22 28 82 92 102 10 14 22 81 91 100 10 0 10 20 30 40 50 60 70 80 90 100 14 10 14 22 32 41 51 61 71 81 91 100 110 22 20 22 28 36 82 92 102 112 30 32 76 85 95 104 114 81 89 98 86 94 103 92 100 108 99 106 114 106 113 120 114 120 127 122 128 135
127 135 113 120 128 106 114 122 60 61 63 100 108 117 50 51 54 94 103 112 40 41 45 89 98 108 32 30 32 36 85 95 22 20 22 73 82 92 14 10 14 71 81 91 20 10 0 10 20 30 40 50 60 70 80 90 22 14 10 14 22 32 41 51 61 71 81 91 100 28 22 20 22 28 73 82 92 102 32 30 67 76 85 95 104 72 81 89 78 86 94 85 92 100 92 99 106 100 106 113 108 114 120 117 122 128
120 127 106 113 120 99 106 114 61 60 61 92 100 108 51 50 51 86 94 103 41 40 41 81 89 98 36 32 30 32 76 85 28 22 20 63 73 82 22 14 10 61 71 81 30 20 10 0 10 20 30 40 50 60 70 80 32 22 14 10 14 22 32 41 51 61 71 81 91 36 28 22 20 22 63 73 82 92 36 32 58 67 76 85 95 64 72 81 71 78 86 78 85 92 86 92 99 94 100 106 103 108 114 112 117 122
114 120 100 106 113 92 99 106 63 61 60 85 92 100 54 51 50 78 86 94 45 41 40 72 81 89 42 36 32 30 67 76 36 28 22 54 63 73 32 22 14 51 61 71 40 30 20 10 0 10 20 30 40 50 60 70 41 32 22 14 10 14 22 32 41 51 61 71 81 45 36 28 22 20 54 63 73 82 42 36 50 58 67 76 85 57 64 72 64 71 78 72 78 85 81 86 92 89 94 100 98 103 108 108 112 117
108 114 94 100 106 86 92 99 67 63 61 78 85 92 58 54 51 71 78 86 50 45 41 64 72 81 50 42 36 32 58 67 45 36 28 45 54 63 41 32 22 41 51 61 50 40 30 20 10 0 10 20 30 40 50 60 51 41 32 22 14 10 14 22 32 41 51 61 71 54 45 36 28 22 45 54 63 73 50 42 42 50 58 67 76 50 57 64 58 64 71 67 72 78 76 81 86 85 89 94 95 98 103 104 108 112
103 108 89 94 100 81 86 92 72 67 63 72 78 85 64 58 54 64 71 78 57 50 45 57 64 72 58 50 42 36 50 58 54 45 36 36 45 54 51 41 32 32 41 51 60 50 40 30 20 10 0 10 20 30 40 50 61 51 41 32 22 14 10 14 22 32 41 51 61 63 54 45 36 28 36 45 54 63 58 50 36 42 50 58 67 45 50 57 54 58 64 63 67 72 73 76 81 82 85 89 92 95 98 102 104 108
98 103 85 89 94 76 81 86 78 72 67 67 72 78 71 64 58 58 64 71 64 57 50 50 57 64 67 58 50 42 42 50 63 54 45 28 36 45 61 51 41 22 32 41 70 60 50 40 30 20 10 0 10 20 30 40 71 61 51 41 32 22 14 10 14 22 32 41 51 73 63 54 45 36 28 36 45 54 67 58 32 36 42 50 58 41 45 50 51 54 58 61 63 67 71 73 76 81 82 85 91 92 95 100 102 104
95 98 82 85 89 73 76 81 85 78 72 63 67 72 78 71 64 54 58 64 72 64 57 45 50 57 76 67 58 50 36 42 73 63 54 22 28 36 71 61 51 14 22 32 80 70 60 50 40 30 20 10 0 10 20 30 81 71 61 51 41 32 22 14 10 14 22 32 41 82 73 63 54 45 22 28 36 45 76 67 30 32 36 42 50 40 41 45 50 51 54 60 61 63 70 71 73 80 81 82 90 91 92 100 100 102
92 95 81 82 85 71 73 76 92 85 78 61 63 67 86 78 71 51 54 58 81 72 64 41 45 50 85 76 67 58 32 36 82 73 63 20 22 28 81 71 61 10 14 22 90 80 70 60 50 40 30 20 10 0 10 20 91 81 71 61 51 41 32 22 14 10 14 22 32 92 82 73 63 54 20 22 28 36 85 76 32 30 32 36 42 41 40 41 51 50 51 61 60 61 71 70 71 81 80 81 91 90 91 100 100 100
91 92 80 81 82 70 71 73 100 92 85 60 61 63 94 86 78 50 51 54 89 81 72 40 41 45 95 85 76 67 30 32 92 82 73 22 20 22 91 81 71 14 10 14 100 90 80 70 60 50 40 30 20 10 0 10 100 91 81 71 61 51 41 32 22 14 10 14 22 102 92 82 73 63 22 20 22 28 95 85 36 32 30 32 36 45 41 40 54 51 50 63 61 60 73 71 70 82 81 80 92 91 90 102 100 100
90 91 81 80 81 71 70 71 108 100 92 61 60 61 103 94 86 51 50 51 98 89 81 41 40 41 104 95 85 76 32 30 102 92 82 28 22 20 100 91 81 22 14 10 110 100 90 80 70 60 50 40 30 20 10 0 110 100 91 81 71 61 51 41 32 22 14 10 14 112 102 92 82 73 28 22 20 22 104 95 42 36 32 30 32 50 45 41 58 54 51 67 63 61 76 73 71 85 82 81 95 92 91 104 102 100
91 90 82 81 80 73 71 70 117 108 100 63 61 60 112 103 94 54 51 50 108 98 89 45 41 40 114 104 95 85 36 32 112 102 92 36 28 22 110 100 91 32 22 14 120 110 100 90 80 70 60 50 40 30 20 10 120 110 100 91 81 71 61 51 41 32 22 14 10 122 112 102 92 82 36 28 22 20 114 104 50 42 36 32 30 57 50 45 64 58 54 72 67 63 81 76 73 89 85 82 98 95 92 108 104 102
92 91 85 82 81 76 73 71 125 117 108 67 63 61 121 112 103 58 54 51 117 108 98 50 45 41 124 114 104 95 42 36 122 112 102 45 36 28 120 110 100 41 32 22 130 120 110 100 90 80 70 60 50 40 30 20 130 120 110 100 91 81 71 61 51 41 32 22 14 132 122 112 102 92 45 36 28 22 124 114 58 50 42 36 32 64 57 50 71 64 58 78 72 67 86 81 76 94 89 85 103 98 95 112 108 104
95 92 89 85 82 81 76 73 134 125 117 72 67 63 130 121 112 64 58 54 126 117 108 57 50 45 133 124 114 104 50 42 132 122 112 54 45 36 130 120 110 51 41 32 140 130 120 110 100 90 80 70 60 50 40 30 140 130 120 110 100 91 81 71 61 51 41 32 22 141 132 122 112 102 54 45 36 28 133 124 67 58 50 42 36 72 64 57 78 71 64 85 78 72 92 86 81 100 94 89 108 103 98 117 112 108
141 149 127 135 142 120 128 136 71 73 76 114 122 130 61 63 67 108 117 125 51 54 58 103 112 121 40 41 45 50 98 108 30 32 36 85 95 104 20 22 28 82 92 102 14 10 14 22 32 41 51 61 71 81 91 100 10 0 10 20 30 40 50 60 70 80 90 100 110 14 10 14 22 32 81 91 100 110 20 22 73 82 92 102 112 76 85 95 81 89 98 86 94 103 92 100 108 99 106 114 106 113 120 114 120 127
135 141 120 127 135 113 120 128 70 71 73 106 114 122 60 61 63 100 108 117 50 51 54 94 103 112 41 40 41 45 89 98 32 30 32 76 85 95 22 20 22 73 82 92 22 14 10 14 22 32 41 51 61 71 81 91 20 10 0 10 20 30 40 50 60 70 80 90 100 22 14 10 14 22 71 81 91 100 22 20 63 73 82 92 102 67 76 85 72 81 89 78 86 94 85 92 100 92 99 106 100 106 113 108 114 120
128 135 114 120 127 106 113 120 71 70 71 99 106 114 61 60 61 92 100 108 51 50 51 86 94 103 45 41 40 41 81 89 36 32 30 67 76 85 28 22 20 63 73 82 32 22 14 10 14 22 32 41 51 61 71 81 30 20 10 0 10 20 30 40 50 60 70 80 90 32 22 14 10 14 61 71 81 91 28 22 54 63 73 82 92 58 67 76 64 72 81 71 78 86 78 85 92 86 92 99 94 100 106 103 108 114
122 128 108 114 120 100 106 113 73 71 70 92 99 106 63 61 60 85 92 100 54 51 50 78 86 94 50 45 41 40 72 81 42 36 32 58 67 76 36 28 22 54 63 73 41 32 22 14 10 14 22 32 41 51 61 71 40 30 20 10 0 10 20 30 40 50 60 70 80 41 32 22 14 10 51 61 71 81 36 28 45 54 63 73 82 50 58 67 57 64 72 64 71 78 72 78 85 81 86 92 89 94 100 98 103 108
117 122 103 108 114 94 100 106 76 73 71 86 92 99 67 63 61 78 85 92 58 54 51 71 78 86 57 50 45 41 64 72 50 42 36 50 58 67 45 36 28 45 54 63 51 41 32 22 14 10 14 22 32 41 51 61 50 40 30 20 10 0 10 20 30 40 50 60 70 51 41 32 22 14 41 51 61 71 45 36 36 45 54 63 73 42 50 58 50 57 64 58 64 71 67 72 78 76 81 86 85 89 94 95 98 103
112 117 98 103 108 89 94 100 81 76 73 81 86 92 72 67 63 72 78 85 64 58 54 64 71 78 64 57 50 45 57 64 58 50 42 42 50 58 54 45 36 36 45 54 61 51 41 32 22 14 10 14 22 32 41 51 60 50 40 30 20 10 0 10 20 30 40 50 60 61 51 41 32 22 32 41 51 61 54 45 28 36 45 54 63 36 42 50 45 50 57 54 58 64 63 67 72 73 76 81 82 85 89 92 95 98
108 112 95 98 103 85 89 94 86 81 76 76 81 86 78 72 67 67 72 78 71 64 58 58 64 71 72 64 57 50 50 57 67 58 50 36 42 50 63 54 45 28 36 45 71 61 51 41 32 22 14 10 14 22 32 41 70 60 50 40 30 20 10 0 10 20 30 40 50 71 61 51 41 32 22 32 41 51 63 54 22 28 36 45 54 32 36 42 41 45 50 51 54 58 61 63 67 71 73 76 81 82 85 91 92 95
104 108 92 95 98 82 85 89 92 86 81 73 76 81 85 78 72 63 67 72 78 71 64 54 58 64 81 72 64 57 45 50 76 67 58 32 36 42 73 63 54 22 28 36 81 71 61 51 41 32 22 14 10 14 22 32 80 70 60 50 40 30 20 10 0 10 20 30 40 81 71 61 51 41 14 22 32 41 73 63 20 22 28 36 45 30 32 36 40 41 45 50 51 54 60 61 63 70 71 73 80 81 82 90 91 92
102 104 91 92 95 81 82 85 99 92 86 71 73 76 92 85 78 61 63 67 86 78 71 51 54 58 89 81 72 64 41 45 85 76 67 30 32 36 82 73 63 20 22 28 91 81 71 61 51 41 32 22 14 10 14 22 90 80 70 60 50 40 30 20 10 0 10 20 30 91 81 71 61 51 10 14 22 32 82 73 22 20 22 28 36 32 30 32 41 40 41 51 50 51 61 60 61 71 70 71 81 80 81 91 90 91
100 102 90 91 92 80 81 82 106 99 92 70 71 73 100 92 85 60 61 63 94 86 78 50 51 54 98 89 81 72 40 41 95 85 76 32 30 32 92 82 73 22 20 22 100 91 81 71 61 51 41 32 22 14 10 14 100 90 80 70 60 50 40 30 20 10 0 10 20 100 91 81 71 61 14 10 14 22 92 82 28 22 20 22 28 36 32 30 45 41 40 54 51 50 63 61 60 73 71 70 82 81 80 92 91 90
100 100 91 90 91 81 80 81 114 106 99 71 70 71 108 100 92 61 60 61 103 94 86 51 50 51 108 98 89 81 41 40 104 95 85 36 32 30 102 92 82 28 22 20 110 100 91 81 71 61 51 41 32 22 14 10 110 100 90 80 70 60 50 40 30 20 10 0 10 110 100 91 81 71 22 14 10 14 102 92 36 28 22 20 22 42 36 32 50 45 41 58 54 51 67 63 61 76 73 71 85 82 81 95 92 91
100 100 92 91 90 82 81 80 122 114 106 73 71 70 117 108 100 63 61 60 112 103 94 54 51 50 117 108 98 89 45 41 114 104 95 42 36 32 112 102 92 36 28 22 120 110 100 91 81 71 61 51 41 32 22 14 120 110 100 90 80 70 60 50 40 30 20 10 0 120 110 100 91 81 32 22 14 10 112 102 45 36 28 22 20 50 42 36 57 50 45 64 58 54 72 67 63 81 76 73 89 85 82 98 95 92
102 100 95 92 91 85 82 81 130 122 114 76 73 71 125 117 108 67 63 61 121 112 103 58 54 51 126 117 108 98 50 45 124 114 104 50 42 36 122 112 102 45 36 28 130 120 110 100 91 81 71 61 51 41 32 22 130 120 110 100 90 80 70 60 50 40 30 20 10 130 120 110 100 91 41 32 22 14 122 112 54 45 36 28 22 58 50 42 64 57 50 71 64 58 78 72 67 86 81 76 94 89 85 103 98 95
117 121 104 108 112 95 98 103 94 89 85 85 89 94 86 81 76 76 81 86 78 72 67 67 72 78 78 71 64 58 58 64 72 64 57 45 50 57 67 58 50 36 42 50 73 63 54 45 36 28 22 20 22 28 36 45 71 61 51 41 32 22 14 10 14 22 32 41 51 70 60 50 40 30 20 30 40 50 61 51 14 22 32 41 51 22 28 36 32 36 42 41 45 50 51 54 58 61 63 67 71 73 76 81 82 85
114 117 102 104 108 92 95 98 100 94 89 82 85 89 92 86 81 73 76 81 85 78 72 63 67 72 86 78 71 64 54 58 81 72 64 41 45 50 76 67 58 32 36 42 82 73 63 54 45 36 28 22 20 22 28 36 81 71 61 51 41 32 22 14 10 14 22 32 41 80 70 60 50 40 10 20 30 40 71 61 10 14 22 32 41 20 22 28 30 32 36 40 41 45 50 51 54 60 61 63 70 71 73 80 81 82
112 114 100 102 104 91 92 95 106 100 94 81 82 85 99 92 86 71 73 76 92 85 78 61 63 67 94 86 78 71 51 54 89 81 72 40 41 45 85 76 67 30 32 36 92 82 73 63 54 45 36 28 22 20 22 28 91 81 71 61 51 41 32 22 14 10 14 22 32 90 80 70 60 50 0 10 20 30 81 71 14 10 14 22 32 22 20 22 32 30 32 41 40 41 51 50 51 61 60 61 71 70 71 81 80 81
110 112 100 100 102 90 91 92 113 106 100 80 81 82 106 99 92 70 71 73 100 92 85 60 61 63 103 94 86 78 50 51 98 89 81 41 40 41 95 85 76 32 30 32 102 92 82 73 63 54 45 36 28 22 20 22 100 91 81 71 61 51 41 32 22 14 10 14 22 100 90 80 70 60 10 0 10 20 91 81 22 14 10 14 22 28 22 20 36 32 30 45 41 40 54 51 50 63 61 60 73 71 70 82 81 80
110 110 100 100 100 91 90 91 120 113 106 81 80 81 114 106 99 71 70 71 108 100 92 61 60 61 112 103 94 86 51 50 108 98 89 45 41 40 104 95 85 36 32 30 112 102 92 82 73 63 54 45 36 28 22 20 110 100 91 81 71 61 51 41 32 22 14 10 14 110 100 90 80 70 20 10 0 10 100 91 32 22 14 10 14 36 28 22 42 36 32 50 45 41 58 54 51 67 63 61 76 73 71 85 82 81
110 110 102 100 100 92 91 90 128 120 113 82 81 80 122 114 106 73 71 70 117 108 100 63 61 60 121 112 103 94 54 51 117 108 98 50 45 41 114 104 95 42 36 32 122 112 102 92 82 73 63 54 45 36 28 22 120 110 100 91 81 71 61 51 41 32 22 14 10 120 110 100 90 80 30 20 10 0 110 100 41 32 22 14 10 45 36 28 50 42 36 57 50 45 64 58 54 72 67 63 81 76 73 89 85 82
130 134 117 121 125 108 112 117 98 95 92 98 103 108 89 85 82 89 94 100 81 76 73 81 86 92 78 72 67 63 72 78 71 64 58 58 64 71 64 57 50 50 57 64 67 58 50 42 36 32 30 32 36 42 50 58 63 54 45 36 28 22 20 22 28 36 45 54 63 61 51 41 32 22 32 41 51 61 50 40 20 30 40 50 60 22 32 41 28 36 45 36 42 50 45 50 57 54 58 64 63 67 72 73 76 81
126 130 114 117 121 104 108 112 103 98 95 95 98 103 94 89 85 85 89 94 86 81 76 76 81 86 85 78 72 67 67 72 78 71 64 54 58 64 72 64 57 45 50 57 76 67 58 50 42 36 32 30 32 36 42 50 73 63 54 45 36 28 22 20 22 28 36 45 54 71 61 51 41 32 22 32 41 51 60 50 10 20 30 40 50 14 22 32 22 28 36 32 36 42 41 45 50 51 54 58 61 63 67 71 73 76
124 126 112 114 117 102 104 108 108 103 98 92 95 98 100 94 89 82 85 89 92 86 81 73 76 81 92 85 78 72 63 67 86 78 71 51 54 58 81 72 64 41 45 50 85 76 67 58 50 42 36 32 30 32 36 42 82 73 63 54 45 36 28 22 20 22 28 36 45 81 71 61 51 41 14 22 32 41 70 60 0 10 20 30 40 10 14 22 20 22 28 30 32 36 40 41 45 50 51 54 60 61 63 70 71 73
122 124 110 112 114 100 102 104 114 108 103 91 92 95 106 100 94 81 82 85 99 92 86 71 73 76 100 92 85 78 61 63 94 86 78 50 51 54 89 81 72 40 41 45 95 85 76 67 58 50 42 36 32 30 32 36 92 82 73 63 54 45 36 28 22 20 22 28 36 91 81 71 61 51 10 14 22 32 80 70 10 0 10 20 30 14 10 14 22 20 22 32 30 32 41 40 41 51 50 51 61 60 61 71 70 71
120 122 110 110 112 100 100 102 120 114 108 90 91 92 113 106 100 80 81 82 106 99 92 70 71 73 108 100 92 85 60 61 103 94 86 51 50 51 98 89 81 41 40 41 104 95 85 76 67 58 50 42 36 32 30 32 102 92 82 73 63 54 45 36 28 22 20 22 28 100 91 81 71 61 14 10 14 22 90 80 20 10 0 10 20 22 14 10 28 22 20 36 32 30 45 41 40 54 51 50 63 61 60 73 71 70
143 148 130 134 139 121 125 130 104 102 100 112 117 122 95 92 91 103 108 114 85 82 81 94 100 106 81 76 73 71 86 92 72 67 63 72 78 85 64 58 54 64 71 78 64 57 50 45 41 40 41 45 50 57 64 72 58 50 42 36 32 30 32 36 42 50 58 67 76 54 45 36 28 22 45 54 63 73 41 32 32 41 51 61 71 30 40 50 32 41 51 36 45 54 42 50 58 50 57 64 58 64 71 67 72 78
139 143 126 130 134 117 121 125 108 104 102 108 112 117 98 95 92 98 103 108 89 85 82 89 94 100 86 81 76 73 81 86 78 72 67 67 72 78 71 64 58 58 64 71 72 64 57 50 45 41 40 41 45 50 57 64 67 58 50 42 36 32 30 32 36 42 50 58 67 63 54 45 36 28 36 45 54 63 51 41 22 32 41 51 61 20 30 40 22 32 41 28 36 45 36 42 50 45 50 57 54 58 64 63 67 72
136 139 124 126 130 114 117 121 112 108 104 104 108 112 103 98 95 95 98 103 94 89 85 85 89 94 92 86 81 76 76 81 85 78 72 63 67 72 78 71 64 54 58 64 81 72 64 57 50 45 41 40 41 45 50 57 76 67 58 50 42 36 32 30 32 36 42 50 58 73 63 54 45 36 28 36 45 54 61 51 14 22 32 41 51 10 20 30 14 22 32 22 28 36 32 36 42 41 45 50 51 54 58 61 63 67
133 136 122 124 126 112 114 117 117 112 108 102 104 108 108 103 98 92 95 98 100 94 89 82 85 89 99 92 86 81 73 76 92 85 78 61 63 67 86 78 71 51 54 58 89 81 72 64 57 50 45 41 40 41 45 50 85 76 67 58 50 42 36 32 30 32 36 42 50 82 73 63 54 45 22 28 36 45 71 61 10 14 22 32 41 0 10 20 10 14 22 20 22 28 30 32 36 40 41 45 50 51 54 60 61 63
132 133 120 122 124 110 112 114 122 117 112 100 102 104 114 108 103 91 92 95 106 100 94 81 82 85 106 99 92 86 71 73 100 92 85 60 61 63 94 86 78 50 51 54 98 89 81 72 64 57 50 45 41 40 41 45 95 85 76 67 58 50 42 36 32 30 32 36 42 92 82 73 63 54 20 22 28 36 81 71 14 10 14 22 32 10 0 10 14 10 14 22 20 22 32 30 32 41 40 41 51 50 51 61 60 61
130 132 120 120 122 110 110 112 128 122 117 100 100 102 120 114 108 90 91 92 113 106 100 80 81 82 114 106 99 92 70 71 108 100 92 61 60 61 103 94 86 51 50 51 108 98 89 81 72 64 57 50 45 41 40 41 104 95 85 76 67 58 50 42 36 32 30 32 36 102 92 82 73 63 22 20 22 28 91 81 22 14 10 14 22 20 10 0 22 14 10 28 22 20 36 32 30 45 41 40 54 51 50 63 61 60
157 161 143 148 153 134 139 144 112 110 110 125 130 136 102 100 100 117 122 128 92 91 90 108 114 120 85 82 81 80 100 106 76 73 71 86 92 99 67 63 61 78 85 92 64 58 54 51 50 51 54 58 64 71 78 86 57 50 45 41 40 41 45 50 57 64 72 81 89 50 42 36 32 30 58 67 76 85 36 28 45 54 63 73 82 41 51 61 40 50 60 41 51 61 45 54 63 50 58 67 57 64 72 64 71 78
152 157 139 143 148 130 134 139 114 112 110 121 125 130 104 102 100 112 117 122 95 92 91 103 108 114 89 85 82 81 94 100 81 76 73 81 86 92 72 67 63 72 78 85 71 64 58 54 51 50 51 54 58 64 71 78 64 57 50 45 41 40 41 45 50 57 64 72 81 58 50 42 36 32 50 58 67 76 45 36 36 45 54 63 73 32 41 51 30 40 50 32 41 51 36 45 54 42 50 58 50 57 64 58 64 71
149 152 136 139 143 126 130 134 117 114 112 117 121 125 108 104 102 108 112 117 98 95 92 98 103 108 94 89 85 82 89 94 86 81 76 76 81 86 78 72 67 67 72 78 78 71 64 58 54 51 50 51 54 58 64 71 72 64 57 50 45 41 40 41 45 50 57 64 72 67 58 50 42 36 42 50 58 67 54 45 28 36 45 54 63 22 32 41 20 30 40 22 32 41 28 36 45 36 42 50 45 50 57 54 58 64
146 149 133 136 139 124 126 130 121 117 114 114 117 121 112 108 104 104 108 112 103 98 95 95 98 103 100 94 89 85 85 89 92 86 81 73 76 81 85 78 72 63 67 72 86 78 71 64 58 54 51 50 51 54 58 64 81 72 64 57 50 45 41 40 41 45 50 57 64 76 67 58 50 42 36 42 50 58 63 54 22 28 36 45 54 14 22 32 10 20 30 14 22 32 22 28 36 32 36 42 41 45 50 51 54 58
143 146 132 133 136 122 124 126 125 121 117 112 114 117 117 112 108 102 104 108 108 103 98 92 95 98 106 100 94 89 82 85 99 92 86 71 73 76 92 85 78 61 63 67 94 86 78 71 64 58 54 51 50 51 54 58 89 81 72 64 57 50 45 41 40 41 45 50 57 85 76 67 58 50 32 36 42 50 73 63 20 22 28 36 45 10 14 22 0 10 20 10 14 22 20 22 28 30 32 36 40 41 45 50 51 54
141 143 130 132 133 120 122 124 130 125 121 110 112 114 122 117 112 100 102 104 114 108 103 91 92 95 113 106 100 94 81 82 106 99 92 70 71 73 100 92 85 60 61 63 103 94 86 78 71 64 58 54 51 50 51 54 98 89 81 72 64 57 50 45 41 40 41 45 50 95 85 76 67 58 30 32 36 42 82 73 22 20 22 28 36 14 10 14 10 0 10 14 10 14 22 20 22 32 30 32 41 40 41 51 50 51
166 170 152 157 161 143 148 153 122 120 120 134 139 144 112 110 110 125 130 136 102 100 100 117 122 128 95 92 91 90 108 114 85 82 81 94 100 106 76 73 71 86 92 99 72 67 63 61 60 61 63 67 72 78 85 92 64 58 54 51 50 51 54 58 64 71 78 86 94 57 50 45 41 40 64 72 81 89 42 36 50 58 67 76 85 45 54 63 41 51 61 40 50 60 41 51 61 45 54 63 50 58 67 57 64 72
162 166 149 152 157 139 143 148 124 122 120 130 134 139 114 112 110 121 125 130 104 102 100 112 117 122 98 95 92 91 103 108 89 85 82 89 94 100 81 76 73 81 86 92 78 72 67 63 61 60 61 63 67 72 78 85 71 64 58 54 51 50 51 54 58 64 71 78 86 64 57 50 45 41 57 64 72 81 50 42 42 50 58 67 76 36 45 54 32 41 51 30 40 50 32 41 51 36 45 54 42 50 58 50 57 64
158 162 146 149 152 136 139 143 126 124 122 126 130 134 117 114 112 117 121 125 108 104 102 108 112 117 103 98 95 92 98 103 94 89 85 85 89 94 86 81 76 76 81 86 85 78 72 67 63 61 60 61 63 67 72 78 78 71 64 58 54 51 50 51 54 58 64 71 78 72 64 57 50 45 50 57 64 72 58 50 36 42 50 58 67 28 36 45 22 32 41 20 30 40 22 32 41 28 36 45 36 42 50 45 50 57
155 158 143 146 149 133 136 139 130 126 124 124 126 130 121 117 114 114 117 121 112 108 104 104 108 112 108 103 98 95 95 98 100 94 89 82 85 89 92 86 81 73 76 81 92 85 78 72 67 63 61 60 61 63 67 72 86 78 71 64 58 54 51 50 51 54 58 64 71 81 72 64 57 50 45 50 57 64 67 58 32 36 42 50 58 22 28 36 14 22 32 10 20 30 14 22 32 22 28 36 32 36 42 41 45 50
153 155 141 143 146 132 133 136 134 130 126 122 124 126 125 121 117 112 114 117 117 112 108 102 104 108 114 108 103 98 92 95 106 100 94 81 82 85 99 92 86 71 73 76 100 92 85 78 72 67 63 61 60 61 63 67 94 86 78 71 64 58 54 51 50 51 54 58 64 89 81 72 64 57 41 45 50 57 76 67 30 32 36 42 50 20 22 28 10 14 22 0 10 20 10 14 22 20 22 28 30 32 36 40 41 45
179 184 166 170 175 157 161 166 130 130 130 148 153 158 120 120 120 139 144 150 110 110 110 130 136 142 102 100 100 100 122 128 92 91 90 108 114 120 82 81 80 100 106 113 76 73 71 70 71 73 76 81 86 92 99 106 67 63 61 60 61 63 67 72 78 85 92 100 108 58 54 51 50 51 78 86 94 103 45 41 64 72 81 89 98 58 67 76 54 63 73 51 61 71 50 60 70 51 61 71 54 63 73 58 67 76
175 179 162 166 170 152 157 161 132 130 130 143 148 153 122 120 120 134 139 144 112 110 110 125 130 136 104 102 100 100 117 122 95 92 91 103 108 114 85 82 81 94 100 106 81 76 73 71 70 71 73 76 81 86 92 99 72 67 63 61 60 61 63 67 72 78 85 92 100 64 58 54 51 50 71 78 86 94 50 45 57 64 72 81 89 50 58 67 45 54 63 41 51 61 40 50 60 41 51 61 45 54 63 50 58 67
171 175 158 162 166 149 152 157 133 132 130 139 143 148 124 122 120 130 134 139 114 112 110 121 125 130 108 104 102 100 112 117 98 95 92 98 103 108 89 85 82 89 94 100 86 81 76 73 71 70 71 73 76 81 86 92 78 72 67 63 61 60 61 63 67 72 78 85 92 71 64 58 54 51 64 71 78 86 57 50 50 57 64 72 81 42 50 58 36 45 54 32 41 51 30 40 50 32 41 51 36 45 54 42 50 58
168 171 155 158 162 146 149 152 136 133 132 136 139 143 126 124 122 126 130 134 117 114 112 117 121 125 112 108 104 102 108 112 103 98 95 95 98 103 94 89 85 85 89 94 92 86 81 76 73 71 70 71 73 76 81 86 85 78 72 67 63 61 60 61 63 67 72 78 85 78 71 64 58 54 58 64 71 78 64 57 45 50 57 64 72 36 42 50 28 36 45 22 32 41 20 30 40 22 32 41 28 36 45 36 42 50
165 168 153 155 158 143 146 149 139 136 133 133 136 139 130 126 124 124 126 130 121 117 114 114 117 121 117 112 108 104 104 108 108 103 98 92 95 98 100 94 89 82 85 89 99 92 86 81 76 73 71 70 71 73 76 81 92 85 78 72 67 63 61 60 61 63 67 72 78 86 78 71 64 58 54 58 64 71 72 64 41 45 50 57 64 32 36 42 22 28 36 14 22 32 10 20 30 14 22 32 22 28 36 32 36 42
192 197 179 184 189 170 175 180 140 140 141 161 166 172 130 130 132 153 158 164 120 120 122 144 150 156 110 110 110 112 136 142 100 100 100 122 128 135 91 90 91 114 120 127 82 81 80 81 82 85 89 94 100 106 113 120 73 71 70 71 73 76 81 86 92 99 106 114 122 63 61 60 61 63 92 100 108 117 51 50 78 86 94 103 112 72 81 89 67 76 85 63 73 82 61 71 81 60 70 80 61 71 81 63 73 82
188 192 175 179 184 166 170 175 140 140 140 157 161 166 130 130 130 148 153 158 120 120 120 139 144 150 112 110 110 110 130 136 102 100 100 117 122 128 92 91 90 108 114 120 85 82 81 80 81 82 85 89 94 100 106 113 76 73 71 70 71 73 76 81 86 92 99 106 114 67 63 61 60 61 85 92 100 108 54 51 71 78 86 94 103 64 72 81 58 67 76 54 63 73 51 61 71 50 60 70 51 61 71 54 63 73
184 188 171 175 179 162 166 170 141 140 140 152 157 161 132 130 130 143 148 153 122 120 120 134 139 144 114 112 110 110 125 130 104 102 100 112 117 122 95 92 91 103 108 114 89 85 82 81 80 81 82 85 89 94 100 106 81 76 73 71 70 71 73 76 81 86 92 99 106 72 67 63 61 60 78 85 92 100 58 54 64 71 78 86 94 57 64 72 50 58 67 45 54 63 41 51 61 40 50 60 41 51 61 45 54 63
180 184 168 171 175 158 162 166 143 141 140 149 152 157 133 132 130 139 143 148 124 122 120 130 134 139 117 114 112 110 121 125 108 104 102 108 112 117 98 95 92 98 103 108 94 89 85 82 81 80 81 82 85 89 94 100 86 81 76 73 71 70 71 73 76 81 86 92 99 78 72 67 63 61 72 78 85 92 64 58 58 64 71 78 86 50 57 64 42 50 58 36 45 54 32 41 51 30 40 50 32 41 51 36 45 54
177 180 165 168 171 155 158 162 146 143 141 146 149 152 136 133 132 136 139 143 126 124 122 126 130 134 121 117 114 112 117 121 112 108 104 104 108 112 103 98 95 95 98 103 100 94 89 85 82 81 80 81 82 85 89 94 92 86 81 76 73 71 70 71 73 76 81 86 92 85 78 72 67 63 67 72 78 85 71 64 54 58 64 71 78 45 50 57 36 42 50 28 36 45 22 32 41 20 30 40 22 32 41 28 36 45
175 177 163 165 168 153 155 158 149 146 143 143 146 149 139 136 133 133 136 139 130 126 124 124 126 130 125 121 117 114 114 117 117 112 108 102 104 108 108 103 98 92 95 98 106 100 94 89 85 82 81 80 81 82 85 89 99 92 86 81 76 73 71 70 71 73 76 81 86 92 85 78 72 67 63 67 72 78 78 71 51 54 58 64 71 41 45 50 32 36 42 22 28 36 14 22 32 10 20 30 14 22 32 22 28 36
201 206 188 192 197 179 184 189 150 150 151 170 175 180 140 140 141 161 166 172 130 130 132 153 158 164 120 120 120 122 144 150 110 110 110 130 136 142 100 100 100 122 128 135 92 91 90 91 92 95 98 103 108 114 120 127 82 81 80 81 82 85 89 94 100 106 113 120 128 73 71 70 71 73 99 106 114 122 61 60 85 92 100 108 117 78 86 94 72 81 89 67 76 85 63 73 82 61 71 81 60 70 80 61 71 81
197 201 184 188 192 175 179 184 150 150 150 166 170 175 140 140 140 157 161 166 130 130 130 148 153 158 122 120 120 120 139 144 112 110 110 125 130 136 102 100 100 117 122 128 95 92 91 90 91 92 95 98 103 108 114 120 85 82 81 80 81 82 85 89 94 100 106 113 120 76 73 71 70 71 92 99 106 114 63 61 78 85 92 100 108 71 78 86 64 72 81 58 67 76 54 63 73 51 61 71 50 60 70 51 61 71
193 197 180 184 188 171 175 179 151 150 150 162 166 170 141 140 140 152 157 161 132 130 130 143 148 153 124 122 120 120 134 139 114 112 110 121 125 130 104 102 100 112 117 122 98 95 92 91 90 91 92 95 98 103 108 114 89 85 82 81 80 81 82 85 89 94 100 106 113 81 76 73 71 70 86 92 99 106 67 63 72 78 85 92 100 64 71 78 57 64 72 50 58 67 45 54 63 41 51 61 40 50 60 41 51 61
190 193 177 180 184 168 171 175 153 151 150 158 162 166 143 141 140 149 152 157 133 132 130 139 143 148 126 124 122 120 130 134 117 114 112 117 121 125 108 104 102 108 112 117 103 98 95 92 91 90 91 92 95 98 103 108 94 89 85 82 81 80 81 82 85 89 94 100 106 86 81 76 73 71 81 86 92 99 72 67 67 72 78 85 92 58 64 71 50 57 64 42 50 58 36 45 54 32 41 51 30 40 50 32 41 51
187 190 175 177 180 165 168 171 155 153 151 155 158 162 146 143 141 146 149 152 136 133 132 136 139 143 130 126 124 122 126 130 121 117 114 114 117 121 112 108 104 104 108 112 108 103 98 95 92 91 90 91 92 95 98 103 100 94 89 85 82 81 80 81 82 85 89 94 100 92 86 81 76 73 76 81 86 92 78 72 63 67 72 78 85 54 58 64 45 50 57 36 42 50 28 36 45 22 32 41 20 30 40 22 32 41
210 215 197 201 206 188 192 197 160 160 161 179 184 189 150 150 151 170 175 180 140 140 141 161 166 172 130 130 130 132 153 158 120 120 120 139 144 150 110 110 110 130 136 142 102 100 100 100 102 104 108 112 117 122 128 135 92 91 90 91 92 95 98 103 108 114 120 127 135 82 81 80 81 82 106 113 120 128 71 70 92 99 106 114 122 85 92 100 78 86 94 72 81 89 67 76 85 63 73 82 61 71 81 60 70 80
206 210 193 197 201 184 188 192 160 160 160 175 179 184 150 150 150 166 170 175 140 140 140 157 161 166 132 130 130 130 148 153 122 120 120 134 139 144 112 110 110 125 130 136 104 102 100 100 100 102 104 108 112 117 122 128 95 92 91 90 91 92 95 98 103 108 114 120 127 85 82 81 80 81 100 106 113 120 73 71 86 92 99 106 114 78 85 92 71 78 86 64 72 81 58 67 76 54 63 73 51 61 71 50 60 70
202 206 190 193 197 180 184 188 161 160 160 171 175 179 151 150 150 162 166 170 141 140 140 152 157 161 133 132 130 130 143 148 124 122 120 130 134 139 114 112 110 121 125 130 108 104 102 100 100 100 102 104 108 112 117 122 98 95 92 91 90 91 92 95 98 103 108 114 120 89 85 82 81 80 94 100 106 113 76 73 81 86 92 99 106 72 78 85 64 71 78 57 64 72 50 58 67 45 54 63 41 51 61 40 50 60
199 202 187 190 193 177 180 184 163 161 160 168 171 175 153 151 150 158 162 166 143 141 140 149 152 157 136 133 132 130 139 143 126 124 122 126 130 134 117 114 112 117 121 125 112 108 104 102 100 100 100 102 104 108 112 117 103 98 95 92 91 90 91 92 95 98 103 108 114 94 89 85 82 81 89 94 100 106 81 76 76 81 86 92 99 67 72 78 58 64 71 50 57 64 42 50 58 36 45 54 32 41 51 30 40 50
219 224 206 210 215 197 201 206 170 170 171 188 192 197 160 160 161 179 184 189 150 150 151 170 175 180 140 140 140 141 161 166 130 130 130 148 153 158 120 120 120 139 144 150 112 110 110 110 112 114 117 121 125 130 136 142 102 100 100 100 102 104 108 112 117 122 128 135 141 92 91 90 91 92 114 120 127 135 81 80 100 106 113 120 128 92 99 106 85 92 100 78 86 94 72 81 89 67 76 85 63 73 82 61 71 81
215 219 202 206 210 193 197 201 170 170 170 184 188 192 160 160 160 175 179 184 150 150 150 166 170 175 141 140 140 140 157 161 132 130 130 143 148 153 122 120 120 134 139 144 114 112 110 110 110 112 114 117 121 125 130 136 104 102 100 100 100 102 104 108 112 117 122 128 135 95 92 91 90 91 108 114 120 127 82 81 94 100 106 113 120 86 92 99 78 85 92 71 78 86 64 72 81 58 67 76 54 63 73 51 61 71
212 215 199 202 206 190 193 197 171 170 170 180 184 188 161 160 160 171 175 179 151 150 150 162 166 170 143 141 140 140 152 157 133 132 130 139 143 148 124 122 120 130 134 139 117 114 112 110 110 110 112 114 117 121 125 130 108 104 102 100 100 100 102 104 108 112 117 122 128 98 95 92 91 90 103 108 114 120 85 82 89 94 100 106 113 81 86 92 72 78 85 64 71 78 57 64 72 50 58 67 45 54 63 41 51 61
209 212 196 199 202 187 190 193 173 171 170 177 180 184 163 161 160 168 171 175 153 151 150 158 162 166 146 143 141 140 149 152 136 133 132 136 139 143 126 124 122 126 130 134 121 117 114 112 110 110 110 112 114 117 121 125 112 108 104 102 100 100 100 102 104 108 112 117 122 103 98 95 92 91 98 103 108 114 89 85 85 89 94 100 106 76 81 86 67 72 78 58 64 71 50 57 64 42 50 58 36 45 54 32 41 51
228 233 215 219 224 206 210 215 180 180 181 197 201 206 170 170 171 188 192 197 160 160 161 179 184 189 150 150 150 151 170 175 140 140 140 157 161 166 130 130 130 148 153 158 122 120 120 120 122 124 126 130 134 139 144 150 112 110 110 110 112 114 117 121 125 130 136 142 149 102 100 100 100 102 122 128 135 141 91 90 108 114 120 127 135 100 106 113 92 99 106 85 92 100 78 86 94 72 81 89 67 76 85 63 73 82
225 228 212 215 219 202 206 210 180 180 180 193 197 201 170 170 170 184 188 192 160 160 160 175 179 184 151 150 150 150 166 170 141 140 140 152 157 161 132 130 130 143 148 153 124 122 120 120 120 122 124 126 130 134 139 144 114 112 110 110 110 112 114 117 121 125 130 136 142 104 102 100 100 100 117 122 128 135 92 91 103 108 114 120 127 94 100 106 86 92 99 78 85 92 71 78 86 64 72 81 58 67 76 54 63 73
221 225 209 212 215 199 202 206 181 180 180 190 193 197 171 170 170 180 184 188 161 160 160 171 175 179 153 151 150 150 162 166 143 141 140 149 152 157 133 132 130 139 143 148 126 124 122 120 120 120 122 124 126 130 134 139 117 114 112 110 110 110 112 114 117 121 125 130 136 108 104 102 100 100 112 117 122 128 95 92 98 103 108 114 120 89 94 100 81 86 92 72 78 85 64 71 78 57 64 72 50 58 67 45 54 63
