100 100
1 1 1 1 1 1 1 1 1 1 1 1 1 1 1 1 1 1 1 1 1 1 1 1 1 1 1 1 1 1 1 1 1 1 1 1 1 1 1 1 1 1 1 1 1 1 1 1 1 1 1 1 1 1 1 1 1 1 1 1 1 1 1 1 1 1 1 1 1 1 1 1 1 1 1 1 1 1 1 1 1 1 1 1 1 1 1 1 1 1 1 1 1 1 1 1 1 1 1 1 
1 1 1 1 1 1 1 1 1 1 1 1 1 1 1 1 1 1 1 1 1 1 1 1 1 1 1 1 1 1 1 1 1 1 1 1 1 1 1 1 1 1 1 1 1 1 1 1 1 1 1 1 1 1 1 1 1 1 1 1 1 1 1 1 1 1 1 1 1 1 1 1 1 1 1 1 1 1 1 1 1 1 1 1 1 1 1 1 1 1 1 1 1 1 1 1 1 1 1 1 
215539 28598 69017 127119 202906 296376 407530 536369 10914 33649 74068 132170 207957 301427 412581 541420 687942 28598 33649 56384 96803 154905 230692 324162 435316 564154 710676 874882 69017 74068 96803 137221 195324 271110 364581 475735 604573 751095 915301 127119 132170 154905 195324 253427 329213 422683 533838 662676 809198 973404 215539 202906 207957 230692 271110 329213 405000 498470 609624 738462 884984 1049190 1231080 296376 301427 324162 364581 422683 498470 591940 703095 831933 978455 1142661 407530 412581 435316 475735 533838 609624 703095 814249 943087 1089609 1253815 536369 541420 564154 604573 662676 738462 831933 943087 1071925 1218447 1382653 687942 710676 751095 809198 
135539 5017 26629 65926 122906 197570 289918 399950 6139 10068 31680 70977 127957 202621 294969 405001 532716 42630 28874 32803 54415 93711 150692 225356 317704 427735 555451 700851 83048 69293 73222 94834 134130 191110 265774 358122 468154 595870 741270 141151 127396 131324 152937 192233 249213 323877 416225 526257 653973 799372 248377 216937 203182 207111 228723 268019 325000 399664 492012 602043 729759 875159 1038242 310408 296652 300581 322193 361490 418470 493134 585482 695514 823229 968629 421562 407807 411735 433348 472644 529624 604288 696636 806668 934384 1079783 550400 536645 540573 562186 601482 658462 733126 825474 935506 1063222 1208621 683167 687095 708708 748004 
75539 1436 4242 24732 62906 118764 192305 283531 21365 6487 9293 29783 67957 123815 197356 288582 397491 76661 44100 29222 32028 52518 90692 146549 220091 311317 420226 546819 117080 84518 69640 72447 92937 131110 186968 260510 351735 460645 587238 175183 142621 127743 130549 151039 189213 245071 318612 409838 518747 645341 301215 250969 218407 203530 206336 226826 265000 320857 394399 485624 594534 721127 865404 344439 311878 297000 299806 320296 358470 414328 487869 579095 688004 814597 455594 423032 408154 410960 431450 469624 525482 599024 690249 799158 925752 584432 551870 536992 539798 560288 598462 654320 727862 819087 927997 1054590 698392 683514 686320 706810 
35539 17855 1855 3538 22906 59957 114693 187112 56590 22906 6906 8589 27957 65008 119744 192163 282266 130693 79325 45641 29640 31324 50692 87743 142478 214898 305001 412788 171112 119744 86059 70059 71743 91110 128162 182897 255316 345419 453206 229214 177846 144162 128162 129845 149213 186264 241000 313419 403522 511309 374053 305001 253633 219949 203948 205632 225000 262051 316786 389205 479308 587095 712566 398471 347103 313419 297419 299102 318470 355521 410257 482676 572779 680566 509625 458257 424573 408573 410257 429624 466676 521411 593830 683933 791720 638463 587095 553411 537411 539095 558462 595514 650249 722668 812771 920558 733617 699933 683933 685617 
15539 54274 19467 2345 2906 21151 57080 110693 111815 59325 24518 7396 7957 26202 62131 115744 187041 204724 134550 82060 47253 30130 30692 48937 84866 138479 209775 298756 245143 174969 122478 87672 70549 71110 89355 125284 178897 250194 339175 303246 233071 180581 145774 128652 129213 147458 183387 237000 308297 397277 466890 379032 308858 256367 221561 204438 205000 223245 259174 312786 384083 473064 579728 472503 402328 349838 315031 297909 298470 316715 352644 406257 477554 566534 583657 513483 460992 426186 409063 409624 427869 463798 517411 588708 677688 712495 642321 589830 555024 537901 538462 556707 592636 646249 717546 806527 788843 736352 701546 684423 
15539 110693 57080 21151 2906 2345 19467 54274 187041 115744 62131 26202 7957 7396 24518 59325 111815 298756 209775 138479 84866 48937 30692 30130 47253 82060 134550 204724 339175 250194 178897 125284 89355 71110 70549 87672 122478 174969 245143 397277 308297 237000 183387 147458 129213 128652 145774 180581 233071 303246 579728 473064 384083 312786 259174 223245 205000 204438 221561 256367 308858 379032 466890 566534 477554 406257 352644 316715 298470 297909 315031 349838 402328 472503 677688 588708 517411 463798 427869 409624 409063 426186 460992 513483 583657 806527 717546 646249 592636 556707 538462 537901 555024 589830 642321 712495 864068 792771 739158 703229 
35539 187112 114693 59957 22906 3538 1855 17855 282266 192163 119744 65008 27957 8589 6906 22906 56590 412788 305001 214898 142478 87743 50692 31324 29640 45641 79325 130693 453206 345419 255316 182897 128162 91110 71743 70059 86059 119744 171112 511309 403522 313419 241000 186264 149213 129845 128162 144162 177846 229214 712566 587095 479308 389205 316786 262051 225000 205632 203948 219949 253633 305001 374053 680566 572779 482676 410257 355521 318470 299102 297419 313419 347103 398471 791720 683933 593830 521411 466676 429624 410257 408573 424573 458257 509625 920558 812771 722668 650249 595514 558462 539095 537411 553411 587095 638463 959293 869190 796771 742036 
75539 283531 192305 118764 62906 24732 4242 1436 397491 288582 197356 123815 67957 29783 9293 6487 21365 546819 420226 311317 220091 146549 90692 52518 32028 29222 44100 76661 587238 460645 351735 260510 186968 131110 92937 72447 69640 84518 117080 645341 518747 409838 318612 245071 189213 151039 130549 127743 142621 175183 865404 721127 594534 485624 394399 320857 265000 226826 206336 203530 218407 250969 301215 814597 688004 579095 487869 414328 358470 320296 299806 297000 311878 344439 925752 799158 690249 599024 525482 469624 431450 410960 408154 423032 455594 1054590 927997 819087 727862 654320 598462 560288 539798 536992 551870 584432 1074519 965609 874384 800842 
135539 399950 289918 197570 122906 65926 26629 5017 532716 405001 294969 202621 127957 70977 31680 10068 6139 700851 555451 427735 317704 225356 150692 93711 54415 32803 28874 42630 741270 595870 468154 358122 265774 191110 134130 94834 73222 69293 83048 799372 653973 526257 416225 323877 249213 192233 152937 131324 127396 141151 1038242 875159 729759 602043 492012 399664 325000 268019 228723 207111 203182 216937 248377 968629 823229 695514 585482 493134 418470 361490 322193 300581 296652 310408 1079783 934384 806668 696636 604288 529624 472644 433348 411735 407807 421562 1208621 1063222 935506 825474 733126 658462 601482 562186 540573 536645 550400 1209744 1082028 971996 879648 
215539 536369 407530 296376 202906 127119 69017 28598 687942 541420 412581 301427 207957 132170 74068 33649 10914 874882 710676 564154 435316 324162 230692 154905 96803 56384 33649 28598 915301 751095 604573 475735 364581 271110 195324 137221 96803 74068 69017 973404 809198 662676 533838 422683 329213 253427 195324 154905 132170 127119 1231080 1049190 884984 738462 609624 498470 405000 329213 271110 230692 207957 202906 215539 1142661 978455 831933 703095 591940 498470 422683 364581 324162 301427 296376 1253815 1089609 943087 814249 703095 609624 533838 475735 435316 412581 407530 1382653 1218447 1071925 943087 831933 738462 662676 604573 564154 541420 536369 1364969 1218447 1089609 978455 
248377 42630 83048 141151 216937 310408 421562 550400 6139 28874 69293 127396 203182 296652 407807 536645 683167 5017 10068 32803 73222 131324 207111 300581 411735 540573 687095 851301 26629 31680 54415 94834 152937 228723 322193 433348 562186 708708 872914 65926 70977 93711 134130 192233 268019 361490 472644 601482 748004 912210 135539 122906 127957 150692 191110 249213 325000 418470 529624 658462 804984 969190 1151080 197570 202621 225356 265774 323877 399664 493134 604288 733126 879648 1043854 289918 294969 317704 358122 416225 492012 585482 696636 825474 971996 1136202 399950 405001 427735 468154 526257 602043 695514 806668 935506 1082028 1246234 532716 555451 595870 653973 
168377 19049 40661 79957 136937 211602 303949 413981 1365 5293 26906 66202 123182 197846 290194 400226 527942 19049 5293 9222 30834 70130 127111 201775 294123 404154 531870 677270 40661 26906 30834 52447 91743 148723 223387 315735 425767 553483 698882 79957 66202 70130 91743 131039 188019 262683 355031 465063 592779 738178 168377 136937 123182 127111 148723 188019 245000 319664 412012 522043 649759 795159 958242 211602 197846 201775 223387 262683 319664 394328 486676 596707 724423 869823 303949 290194 294123 315735 355031 412012 486676 579024 689055 816771 962171 413981 400226 404154 425767 465063 522043 596707 689055 799087 926803 1072202 527942 531870 553483 592779 
108377 15468 18274 38764 76937 132795 206337 297562 16590 1712 4518 25008 63182 119040 192581 283807 392716 53080 20518 5641 8447 28937 67111 122968 196510 287735 396645 523238 74693 42131 27253 30059 50549 88723 144581 218122 309348 418257 544851 113989 81427 66549 69355 89845 128019 183877 257419 348644 457554 584147 221215 170969 138407 123530 126336 146826 185000 240857 314399 405624 514534 641127 785404 245633 213071 198194 201000 221490 259664 315521 389063 480288 589198 715791 337981 305419 290542 293348 313838 352012 407869 481411 572636 681546 808139 448013 415451 400573 403379 423869 462043 517901 591443 682668 791578 918171 543167 528289 531095 551585 
68377 31886 15886 17570 36937 73989 128724 201143 51815 18131 2131 3815 23182 60234 114969 187388 277491 107112 55744 22060 6059 7743 27111 64162 118897 191317 281420 389207 128724 77356 43672 27672 29355 48723 85774 140510 212929 303032 410819 168020 116652 82968 66968 68652 88019 125071 179806 252225 342328 450115 294053 225001 173633 139949 123948 125632 145000 182051 236786 309205 399308 507095 632566 299665 248297 214613 198612 200296 219664 256715 311450 383869 473973 581759 392013 340645 306961 290960 292644 312012 349063 403798 476217 566320 674107 502044 450676 416992 400992 402676 422043 459095 513830 586249 676352 784139 578392 544708 528708 530391 
48377 68305 33499 16376 16937 35183 71112 124724 107041 54550 19744 2621 3182 21427 57356 110969 182266 181143 110969 58479 23672 6549 7111 25356 61285 114898 186194 275175 202756 132581 80091 45284 28162 28723 46968 82897 136510 207807 296787 242052 171878 119387 84581 67458 68019 86264 122193 175806 247103 336084 386890 299032 228858 176367 141561 124438 125000 143245 179174 232786 304083 393064 499728 373696 303522 251032 216225 199102 199664 217909 253838 307451 378747 467728 466044 395870 343379 308573 291450 292012 310257 346186 399798 471095 560076 576076 505902 453411 418605 401482 402043 420288 456217 509830 581127 670108 633617 581127 546320 529198 
48377 124724 71112 35183 16937 16376 33499 68305 182266 110969 57356 21427 3182 2621 19744 54550 107041 275175 186194 114898 61285 25356 7111 6549 23672 58479 110969 181143 296787 207807 136510 82897 46968 28723 28162 45284 80091 132581 202756 336084 247103 175806 122193 86264 68019 67458 84581 119387 171878 242052 499728 393064 304083 232786 179174 143245 125000 124438 141561 176367 228858 299032 386890 467728 378747 307451 253838 217909 199664 199102 216225 251032 303522 373696 560076 471095 399798 346186 310257 292012 291450 308573 343379 395870 466044 670108 581127 509830 456217 420288 402043 401482 418605 453411 505902 576076 708843 637546 583933 548004 
68377 201143 128724 73989 36937 17570 15886 31886 277491 187388 114969 60234 23182 3815 2131 18131 51815 389207 281420 191317 118897 64162 27111 7743 6059 22060 55744 107112 410819 303032 212929 140510 85774 48723 29355 27672 43672 77356 128724 450115 342328 252225 179806 125071 88019 68652 66968 82968 116652 168020 632566 507095 399308 309205 236786 182051 145000 125632 123948 139949 173633 225001 294053 581759 473973 383869 311450 256715 219664 200296 198612 214613 248297 299665 674107 566320 476217 403798 349063 312012 292644 290960 306961 340645 392013 784139 676352 586249 513830 459095 422043 402676 400992 416992 450676 502044 804068 713965 641546 586810 
108377 297562 206337 132795 76937 38764 18274 15468 392716 283807 192581 119040 63182 25008 4518 1712 16590 523238 396645 287735 196510 122968 67111 28937 8447 5641 20518 53080 544851 418257 309348 218122 144581 88723 50549 30059 27253 42131 74693 584147 457554 348644 257419 183877 128019 89845 69355 66549 81427 113989 785404 641127 514534 405624 314399 240857 185000 146826 126336 123530 138407 170969 221215 715791 589198 480288 389063 315521 259664 221490 201000 198194 213071 245633 808139 681546 572636 481411 407869 352012 313838 293348 290542 305419 337981 918171 791578 682668 591443 517901 462043 423869 403379 400573 415451 448013 919293 810384 719158 645617 
168377 413981 303949 211602 136937 79957 40661 19049 527942 400226 290194 197846 123182 66202 26906 5293 1365 677270 531870 404154 294123 201775 127111 70130 30834 9222 5293 19049 698882 553483 425767 315735 223387 148723 91743 52447 30834 26906 40661 738178 592779 465063 355031 262683 188019 131039 91743 70130 66202 79957 958242 795159 649759 522043 412012 319664 245000 188019 148723 127111 123182 136937 168377 869823 724423 596707 486676 394328 319664 262683 223387 201775 197846 211602 962171 816771 689055 579024 486676 412012 355031 315735 294123 290194 303949 1072202 926803 799087 689055 596707 522043 465063 425767 404154 400226 413981 1054519 926803 816771 724423 
248377 550400 421562 310408 216937 141151 83048 42630 683167 536645 407807 296652 203182 127396 69293 28874 6139 851301 687095 540573 411735 300581 207111 131324 73222 32803 10068 5017 872914 708708 562186 433348 322193 228723 152937 94834 54415 31680 26629 912210 748004 601482 472644 361490 268019 192233 134130 93711 70977 65926 1151080 969190 804984 658462 529624 418470 325000 249213 191110 150692 127957 122906 135539 1043854 879648 733126 604288 493134 399664 323877 265774 225356 202621 197570 1136202 971996 825474 696636 585482 492012 416225 358122 317704 294969 289918 1246234 1082028 935506 806668 695514 602043 526257 468154 427735 405001 399950 1209744 1063222 934384 823229 
301215 76661 117080 175183 250969 344439 455594 584432 21365 44100 84518 142621 218407 311878 423032 551870 698392 1436 6487 29222 69640 127743 203530 297000 408154 536992 683514 847720 4242 9293 32028 72447 130549 206336 299806 410960 539798 686320 850526 24732 29783 52518 92937 151039 226826 320296 431450 560288 706810 871016 75539 62906 67957 90692 131110 189213 265000 358470 469624 598462 744984 909190 1091080 118764 123815 146549 186968 245071 320857 414328 525482 654320 800842 965048 192305 197356 220091 260510 318612 394399 487869 599024 727862 874384 1038590 283531 288582 311317 351735 409838 485624 579095 690249 819087 965609 1129815 397491 420226 460645 518747 
221215 53080 74693 113989 170969 245633 337981 448013 16590 20518 42131 81427 138407 213071 305419 415451 543167 15468 1712 5641 27253 66549 123530 198194 290542 400573 528289 673689 18274 4518 8447 30059 69355 126336 201000 293348 403379 531095 676495 38764 25008 28937 50549 89845 146826 221490 313838 423869 551585 696985 108377 76937 63182 67111 88723 128019 185000 259664 352012 462043 589759 735159 898242 132795 119040 122968 144581 183877 240857 315521 407869 517901 645617 791016 206337 192581 196510 218122 257419 314399 389063 481411 591443 719158 864558 297562 283807 287735 309348 348644 405624 480288 572636 682668 810384 955783 392716 396645 418257 457554 
161215 49499 52305 72795 110969 166827 240368 331594 31815 16937 19744 40234 78407 134265 207807 299032 407942 49499 16937 2060 4866 25356 63530 119387 192929 284154 393064 519657 52305 19744 4866 7672 28162 66336 122193 195735 286961 395870 522463 72795 40234 25356 28162 48652 86826 142683 216225 307451 416360 542953 161215 110969 78407 63530 66336 86826 125000 180857 254399 345624 454534 581127 725404 166827 134265 119387 122193 142683 180857 236715 310257 401482 510391 636985 240368 207807 192929 195735 216225 254399 310257 383798 475024 583933 710526 331594 299032 284154 286961 307451 345624 401482 475024 566249 675159 801752 407942 393064 395870 416360 
121215 65918 49918 51602 70969 108020 162756 235175 67041 33356 17356 19040 38407 75459 130194 202613 292716 103531 52163 18479 2478 4162 23530 60581 115316 187735 277839 385626 106337 54969 21285 5284 6968 26336 63387 118122 190542 280645 388432 126827 75459 41775 25774 27458 46826 83877 138612 211032 301135 408922 234053 165001 113633 79949 63948 65632 85000 122051 176786 249205 339308 447095 572566 220858 169490 135806 119806 121490 140857 177909 232644 305063 395166 502953 294400 243032 209348 193348 195031 214399 251450 306186 378605 468708 576495 385626 334258 300573 284573 286257 305624 342676 397411 469830 559933 667720 443167 409483 393483 395166 
101215 102337 67530 50408 50969 69214 105143 158756 122266 69775 34969 17846 18407 36652 72581 126194 197491 177562 107388 54898 20091 2968 3530 21775 57704 111317 182613 271594 180368 110194 57704 22897 5774 6336 24581 60510 114123 185419 274400 200858 130684 78194 43387 26264 26826 45071 81000 134613 205909 294890 326890 239032 168858 116367 81561 64438 65000 83245 119174 172786 244083 333064 439728 294890 224716 172225 137419 120296 120857 139102 175031 228644 299941 388922 368432 298257 245767 210960 193838 194399 212644 248573 302186 373483 462463 459657 389483 336992 302186 285063 285624 303869 339798 393411 464708 553689 498392 445902 411095 393973 
101215 158756 105143 69214 50969 50408 67530 102337 197491 126194 72581 36652 18407 17846 34969 69775 122266 271594 182613 111317 57704 21775 3530 2968 20091 54898 107388 177562 274400 185419 114123 60510 24581 6336 5774 22897 57704 110194 180368 294890 205909 134613 81000 45071 26826 26264 43387 78194 130684 200858 439728 333064 244083 172786 119174 83245 65000 64438 81561 116367 168858 239032 326890 388922 299941 228644 175031 139102 120857 120296 137419 172225 224716 294890 462463 373483 302186 248573 212644 194399 193838 210960 245767 298257 368432 553689 464708 393411 339798 303869 285624 285063 302186 336992 389483 459657 573617 502321 448708 412779 
121215 235175 162756 108020 70969 51602 49918 65918 292716 202613 130194 75459 38407 19040 17356 33356 67041 385626 277839 187735 115316 60581 23530 4162 2478 18479 52163 103531 388432 280645 190542 118122 63387 26336 6968 5284 21285 54969 106337 408922 301135 211032 138612 83877 46826 27458 25774 41775 75459 126827 572566 447095 339308 249205 176786 122051 84999 65632 63948 79949 113633 165001 234053 502953 395166 305063 232644 177909 140857 121490 119806 135806 169490 220858 576495 468708 378605 306186 251450 214399 195031 193348 209348 243032 294400 667720 559933 469830 397411 342676 305624 286257 284573 300573 334258 385626 668843 578740 506320 451585 
161215 331594 240368 166827 110969 72795 52305 49499 407942 299032 207807 134265 78407 40234 19744 16937 31815 519657 393064 284154 192929 119387 63530 25356 4866 2060 16937 49499 522463 395870 286961 195735 122193 66336 28162 7672 4866 19744 52305 542953 416360 307451 216225 142683 86826 48652 28162 25356 40234 72795 725404 581127 454534 345624 254399 180857 124999 86826 66336 63530 78407 110969 161215 636985 510391 401482 310257 236715 180857 142683 122193 119387 134265 166827 710526 583933 475024 383798 310257 254399 216225 195735 192929 207807 240368 801752 675159 566249 475024 401482 345624 307451 286961 284154 299032 331594 784068 675159 583933 510391 
221215 448013 337981 245633 170969 113989 74693 53080 543167 415451 305419 213071 138407 81427 42131 20518 16590 673689 528289 400573 290542 198194 123530 66549 27253 5641 1712 15468 676495 531095 403379 293348 201000 126336 69355 30059 8447 4518 18274 696985 551585 423869 313838 221490 146826 89845 50549 28937 25008 38764 898242 735159 589759 462043 352012 259664 185000 128019 88723 67111 63182 76937 108377 791016 645617 517901 407869 315521 240857 183877 144581 122968 119040 132795 864558 719158 591443 481411 389063 314399 257419 218122 196510 192581 206337 955783 810384 682668 572636 480288 405624 348644 309348 287735 283807 297562 919293 791578 681546 589198 
301215 584432 455594 344439 250969 175183 117080 76661 698392 551870 423032 311878 218407 142621 84518 44100 21365 847720 683514 536992 408154 297000 203530 127743 69640 29222 6487 1436 850526 686320 539798 410960 299806 206336 130549 72447 32028 9293 4242 871016 706810 560288 431450 320296 226826 151039 92937 52518 29783 24732 1091080 909190 744984 598462 469624 358470 265000 189213 131110 90692 67957 62906 75539 965048 800842 654320 525482 414328 320857 245071 186968 146549 123815 118764 1038590 874384 727862 599024 487869 394399 318612 260510 220091 197356 192305 1129815 965609 819087 690249 579095 485624 409838 351735 311317 288582 283531 1074519 927997 799158 688004 
374053 130693 171112 229214 305001 398471 509625 638463 56590 79325 119744 177846 253633 347103 458257 587095 733617 17855 22906 45641 86059 144162 219949 313419 424573 553411 699933 864139 1855 6906 29640 70059 128162 203948 297419 408573 537411 683933 848139 3538 8589 31324 71743 129845 205632 299102 410257 539095 685617 849823 35539 22906 27957 50692 91110 149213 225000 318470 429624 558462 704984 869190 1051080 59957 65008 87743 128162 186264 262051 355521 466676 595514 742036 906242 114693 119744 142478 182897 241000 316786 410257 521411 650249 796771 960977 187112 192163 214898 255316 313419 389205 482676 593830 722668 869190 1033396 282266 305001 345419 403522 
294053 107112 128724 168020 225001 299665 392013 502044 51815 55744 77356 116652 173633 248297 340645 450676 578392 31886 18131 22060 43672 82968 139949 214613 306961 416992 544708 690108 15886 2131 6059 27672 66968 123948 198612 290960 400992 528708 674107 17570 3815 7743 29355 68652 125632 200296 292644 402676 530391 675791 68377 36937 23182 27111 48723 88019 145000 219664 312012 422043 549759 695159 858242 73989 60234 64162 85774 125071 182051 256715 349063 459095 586810 732210 128724 114969 118897 140510 179806 236786 311450 403798 513830 641546 786945 201143 187388 191317 212929 252225 309205 383869 476217 586249 713965 859365 277491 281420 303032 342328 
234053 103531 106337 126827 165001 220858 294400 385626 67041 52163 54969 75459 113633 169490 243032 334258 443167 65918 33356 18479 21285 41775 79949 135806 209348 300573 409483 536076 49918 17356 2478 5284 25774 63948 119806 193348 284573 393483 520076 51602 19040 4162 6968 27458 65632 121490 195031 286257 395166 521759 121215 70969 38407 23530 26336 46826 85000 140857 214399 305624 414534 541127 685404 108020 75459 60581 63387 83877 122051 177909 251450 342676 451585 578178 162756 130194 115316 118122 138612 176786 232644 306186 397411 506320 632914 235175 202613 187735 190542 211032 249205 305063 378605 469830 578740 705333 292716 277839 280645 301135 
194053 119950 103949 105633 125001 162052 216787 289207 102266 68582 52581 54265 73633 110684 165419 237839 327942 119950 68582 34898 18897 20581 39949 77000 131735 204154 294258 402044 103949 52581 18897 2897 4581 23948 61000 115735 188154 278257 386044 105633 54265 20581 4581 6264 25632 62683 117419 189838 279941 387728 194053 125001 73633 39949 23948 25632 45000 82051 136786 209205 299308 407095 532566 162052 110684 77000 61000 62683 82051 119102 173838 246257 336360 444147 216787 165419 131735 115735 117419 136786 173838 228573 300992 391095 498882 289207 237839 204154 188154 189838 209205 246257 300992 373411 463514 571301 327942 294258 278257 279941 
174053 156369 121562 104439 105001 123246 159175 212788 157491 105001 70194 53071 53633 71878 107807 161420 232716 193981 123807 71317 36510 19387 19949 38194 74123 127735 199032 288013 177981 107807 55316 20510 3387 3948 22193 58122 111735 183032 272013 179665 109490 57000 22193 5071 5632 23877 59806 113419 184716 273696 286890 199032 128858 76367 41561 24438 25000 43245 79174 132786 204083 293064 399728 236084 165909 113419 78612 61490 62051 80296 116225 169838 241135 330115 290819 220645 168154 133348 116225 116786 135031 170960 224573 295870 384851 363238 293064 240573 205767 188644 189205 207451 243379 296992 368289 457270 383167 330676 295870 278747 
174053 212788 159175 123246 105001 104439 121562 156369 232716 161420 107807 71878 53633 53071 70194 105001 157491 288013 199032 127735 74123 38194 19949 19387 36510 71317 123807 193981 272013 183032 111735 58122 22193 3948 3387 20510 55316 107807 177981 273696 184716 113419 59806 23877 5632 5071 22193 57000 109490 179665 399728 293064 204083 132786 79174 43245 25000 24438 41561 76367 128858 199032 286890 330115 241135 169838 116225 80296 62051 61490 78612 113419 165909 236084 384851 295870 224573 170960 135031 116786 116225 133348 168154 220645 290819 457270 368289 296992 243379 207451 189205 188644 205767 240573 293064 363238 458392 387095 333483 297554 
194053 289207 216787 162052 125001 105633 103949 119950 327942 237839 165419 110684 73633 54265 52581 68582 102266 402044 294258 204154 131735 77000 39949 20581 18897 34898 68582 119950 386044 278257 188154 115735 61000 23948 4581 2897 18897 52581 103949 387728 279941 189838 117419 62683 25632 6264 4581 20581 54265 105633 532566 407095 299308 209205 136786 82051 45000 25632 23948 39949 73633 125001 194053 444147 336360 246257 173838 119102 82051 62683 61000 77000 110684 162052 498882 391095 300992 228573 173838 136786 117419 115735 131735 165419 216787 571301 463514 373411 300992 246257 209205 189838 188154 204154 237839 289207 553617 463514 391095 336360 
234053 385626 294400 220858 165001 126827 106337 103531 443167 334258 243032 169490 113633 75459 54969 52163 67041 536076 409483 300573 209348 135806 79949 41775 21285 18479 33356 65918 520076 393483 284573 193348 119806 63948 25774 5284 2478 17356 49918 521759 395166 286257 195031 121490 65632 27458 6968 4162 19040 51602 685404 541127 414534 305624 214399 140857 84999 46826 26336 23530 38407 70969 121215 578178 451585 342676 251450 177909 122051 83877 63387 60581 75459 108020 632914 506320 397411 306186 232644 176786 138612 118122 115316 130194 162756 705333 578740 469830 378605 305063 249205 211032 190542 187735 202613 235175 668843 559933 468708 395166 
294053 502044 392013 299665 225001 168020 128724 107112 578392 450676 340645 248297 173633 116652 77356 55744 51815 690108 544708 416992 306961 214613 139949 82968 43672 22060 18131 31886 674107 528708 400992 290960 198612 123948 66968 27672 6059 2131 15886 675791 530391 402676 292644 200296 125632 68652 29355 7743 3815 17570 858242 695159 549759 422043 312012 219664 145000 88019 48723 27111 23182 36937 68377 732210 586810 459095 349063 256715 182051 125071 85774 64162 60234 73989 786945 641546 513830 403798 311450 236786 179806 140510 118897 114969 128724 859365 713965 586249 476217 383869 309205 252225 212929 191317 187388 201143 804068 676352 566320 473973 
374053 638463 509625 398471 305001 229214 171112 130693 733617 587095 458257 347103 253633 177846 119744 79325 56590 864139 699933 553411 424573 313419 219949 144162 86059 45641 22906 17855 848139 683933 537411 408573 297419 203948 128162 70059 29640 6906 1855 849823 685617 539095 410257 299102 205632 129845 71743 31324 8589 3538 1051080 869190 704984 558462 429624 318470 225000 149213 91110 50692 27957 22906 35539 906242 742036 595514 466676 355521 262051 186264 128162 87743 65008 59957 960977 796771 650249 521411 410257 316786 241000 182897 142478 119744 114693 1033396 869190 722668 593830 482676 389205 313419 255316 214898 192163 187112 959293 812771 683933 572779 
466890 204724 245143 303246 379032 472503 583657 712495 111815 134550 174969 233071 308858 402328 513483 642321 788843 54274 59325 82060 122478 180581 256367 349838 460992 589830 736352 900558 19467 24518 47253 87672 145774 221561 315031 426186 555024 701546 865752 2345 7396 30130 70549 128652 204438 297909 409063 537901 684423 848629 15539 2906 7957 30692 71110 129213 205000 298470 409624 538462 684984 849190 1031080 21151 26202 48937 89355 147458 223245 316715 427869 556707 703229 867435 57080 62131 84866 125284 183387 259174 352644 463798 592636 739158 903364 110693 115744 138479 178897 237000 312786 406257 517411 646249 792771 956977 187041 209775 250194 308297 
386890 181143 202756 242052 299032 373696 466044 576076 107041 110969 132581 171878 228858 303522 395870 505902 633617 68305 54550 58479 80091 119387 176367 251032 343379 453411 581127 726527 33499 19744 23672 45284 84581 141561 216225 308573 418605 546320 691720 16376 2621 6549 28162 67458 124438 199102 291450 401482 529198 674597 48377 16937 3182 7111 28723 68019 125000 199664 292012 402043 529759 675159 838242 35183 21427 25356 46968 86264 143245 217909 310257 420288 548004 693404 71112 57356 61285 82897 122193 179174 253838 346186 456217 583933 729333 124724 110969 114898 136510 175806 232786 307451 399798 509830 637546 782946 182266 186194 207807 247103 
326890 177562 180368 200858 239032 294890 368432 459657 122266 107388 110194 130684 168858 224716 298257 389483 498392 102337 69775 54898 57704 78194 116367 172225 245767 336992 445902 572495 67530 34969 20091 22897 43387 81561 137419 210960 302186 411095 537688 50408 17846 2968 5774 26264 64438 120296 193838 285063 393973 520566 101215 50969 18407 3530 6336 26826 65000 120857 194399 285624 394534 521127 665404 69214 36652 21775 24581 45071 83245 139102 212644 303869 412779 539372 105143 72581 57704 60510 81000 119174 175031 248573 339798 448708 575301 158756 126194 111317 114123 134613 172786 228644 302186 393411 502321 628914 197491 182613 185419 205909 
286890 193981 177981 179665 199032 236084 290819 363238 157491 123807 107807 109490 128858 165909 220645 293064 383167 156369 105001 71317 55316 57000 76367 113419 168154 240573 330676 438463 121562 70194 36510 20510 22193 41561 78612 133348 205767 295870 403657 104439 53071 19387 3387 5071 24438 61490 116225 188644 278747 386534 174053 105001 53633 19949 3948 5632 25000 62051 116786 189205 279308 387095 512566 123246 71878 38194 22193 23877 43245 80296 135031 207451 297554 405341 159175 107807 74123 58122 59806 79174 116225 170960 243379 333483 441270 212788 161420 127735 111735 113419 132786 169838 224573 296992 387095 494882 232716 199032 183032 184716 
266890 230400 195594 178471 179032 197277 233206 286819 212716 160226 125419 108297 108858 127103 163032 216645 287942 230400 160226 107735 72929 55806 56367 74613 110542 164154 235451 324432 195594 125419 72929 38122 21000 21561 39806 75735 129348 200645 289625 178471 108297 55806 21000 3877 4438 22683 58612 112225 183522 272503 266890 179032 108858 56367 21561 4438 4999 23245 59174 112786 184083 273064 379728 197277 127103 74613 39806 22683 23245 41490 77419 131032 202328 291309 233206 163032 110542 75735 58612 59174 77419 113348 166961 238257 327238 286819 216645 164154 129348 112225 112786 131032 166961 220573 291870 380851 287942 235451 200645 183522 
266890 286819 233206 197277 179032 178471 195594 230400 287942 216645 163032 127103 108858 108297 125419 160226 212716 324432 235451 164154 110542 74613 56367 55806 72929 107735 160226 230400 289625 200645 129348 75735 39806 21561 21000 38122 72929 125419 195594 272503 183522 112225 58612 22683 4438 3877 21000 55806 108297 178471 379728 273064 184083 112786 59174 23245 4999 4438 21561 56367 108858 179032 266890 291309 202328 131032 77419 41490 23245 22683 39806 74613 127103 197277 327238 238257 166961 113348 77419 59174 58612 75735 110542 163032 233206 380851 291870 220573 166961 131032 112786 112225 129348 164154 216645 286819 363167 291870 238257 202328 
286890 363238 290819 236084 199032 179665 177981 193981 383167 293064 220645 165909 128858 109490 107807 123807 157491 438463 330676 240573 168154 113419 76367 57000 55316 71317 105001 156369 403657 295870 205767 133348 78612 41561 22193 20510 36510 70194 121562 386534 278747 188644 116225 61490 24438 5071 3387 19387 53071 104439 512566 387095 279308 189205 116786 62051 24999 5632 3948 19949 53633 105001 174053 405341 297554 207451 135031 80296 43245 23877 22193 38194 71878 123246 441270 333483 243379 170960 116225 79174 59806 58122 74123 107807 159175 494882 387095 296992 224573 169838 132786 113419 111735 127735 161420 212788 458392 368289 295870 241135 
326890 459657 368432 294890 239032 200858 180368 177562 498392 389483 298257 224716 168858 130684 110194 107388 122266 572495 445902 336992 245767 172225 116367 78194 57704 54898 69775 102337 537688 411095 302186 210960 137419 81561 43387 22897 20091 34969 67530 520566 393973 285063 193838 120296 64438 26264 5774 2968 17846 50408 665404 521127 394534 285624 194399 120857 64999 26826 6336 3530 18407 50969 101215 539372 412779 303869 212644 139102 83245 45071 24581 21775 36652 69214 575301 448708 339798 248573 175031 119174 81000 60510 57704 72581 105143 628914 502321 393411 302186 228644 172786 134613 114123 111317 126194 158756 573617 464708 373483 299941 
386890 576076 466044 373696 299032 242052 202756 181143 633617 505902 395870 303522 228858 171878 132581 110969 107041 726527 581127 453411 343379 251032 176367 119387 80091 58479 54550 68305 691720 546320 418605 308573 216225 141561 84581 45284 23672 19744 33499 674597 529198 401482 291450 199102 124438 67458 28162 6549 2621 16376 838242 675159 529759 402043 292012 199664 125000 68019 28723 7111 3182 16937 48377 693404 548004 420288 310257 217909 143245 86264 46968 25356 21427 35183 729333 583933 456217 346186 253838 179174 122193 82897 61285 57356 71112 782946 637546 509830 399798 307451 232786 175806 136510 114898 110969 124724 708843 581127 471095 378747 
466890 712495 583657 472503 379032 303246 245143 204724 788843 642321 513483 402328 308858 233071 174969 134550 111815 900558 736352 589830 460992 349838 256367 180581 122478 82060 59325 54274 865752 701546 555024 426186 315031 221561 145774 87672 47253 24518 19467 848629 684423 537901 409063 297909 204438 128652 70549 30130 7396 2345 1031080 849190 684984 538462 409624 298470 205000 129213 71110 30692 7957 2906 15539 867435 703229 556707 427869 316715 223245 147458 89355 48937 26202 21151 903364 739158 592636 463798 352644 259174 183387 125284 84866 62131 57080 956977 792771 646249 517411 406257 312786 237000 178897 138479 115744 110693 864068 717546 588708 477554 
579728 298756 339175 397277 473064 566534 677688 806527 187041 209775 250194 308297 384083 477554 588708 717546 864068 110693 115744 138479 178897 237000 312786 406257 517411 646249 792771 956977 57080 62131 84866 125284 183387 259174 352644 463798 592636 739158 903364 21151 26202 48937 89355 147458 223245 316715 427869 556707 703229 867435 15539 2906 7957 30692 71110 129213 205000 298470 409624 538462 684984 849190 1031080 2345 7396 30130 70549 128652 204438 297909 409063 537901 684423 848629 19467 24518 47253 87672 145774 221561 315031 426186 555024 701546 865752 54274 59325 82060 122478 180581 256367 349838 460992 589830 736352 900558 111815 134550 174969 233071 
499728 275175 296787 336084 393064 467728 560076 670108 182266 186194 207807 247103 304083 378747 471095 581127 708843 124724 110969 114898 136510 175806 232786 307451 399798 509830 637546 782946 71112 57356 61285 82897 122193 179174 253838 346186 456217 583933 729333 35183 21427 25356 46968 86264 143245 217909 310257 420288 548004 693404 48377 16937 3182 7111 28723 68019 125000 199664 292012 402043 529759 675159 838242 16376 2621 6549 28162 67458 124438 199102 291450 401482 529198 674597 33499 19744 23672 45284 84581 141561 216225 308573 418605 546320 691720 68305 54550 58479 80091 119387 176367 251032 343379 453411 581127 726527 107041 110969 132581 171878 
439728 271594 274400 294890 333064 388922 462463 553689 197491 182613 185419 205909 244083 299941 373483 464708 573617 158756 126194 111317 114123 134613 172786 228644 302186 393411 502321 628914 105143 72581 57704 60510 81000 119174 175031 248573 339798 448708 575301 69214 36652 21775 24581 45071 83245 139102 212644 303869 412779 539372 101215 50969 18407 3530 6336 26826 65000 120857 194399 285624 394534 521127 665404 50408 17846 2968 5774 26264 64438 120296 193838 285063 393973 520566 67530 34969 20091 22897 43387 81561 137419 210960 302186 411095 537688 102337 69775 54898 57704 78194 116367 172225 245767 336992 445902 572495 122266 107388 110194 130684 
399728 288013 272013 273696 293064 330115 384851 457270 232716 199032 183032 184716 204083 241135 295870 368289 458392 212788 161420 127735 111735 113419 132786 169838 224573 296992 387095 494882 159175 107807 74123 58122 59806 79174 116225 170960 243379 333483 441270 123246 71878 38194 22193 23877 43245 80296 135031 207451 297554 405341 174053 105001 53633 19949 3948 5632 25000 62051 116786 189205 279308 387095 512566 104439 53071 19387 3387 5071 24438 61490 116225 188644 278747 386534 121562 70194 36510 20510 22193 41561 78612 133348 205767 295870 403657 156369 105001 71317 55316 57000 76367 113419 168154 240573 330676 438463 157491 123807 107807 109490 
379728 324432 289625 272503 273064 291309 327238 380851 287942 235451 200645 183522 184083 202328 238257 291870 363167 286819 216645 164154 129348 112225 112786 131032 166961 220573 291870 380851 233206 163032 110542 75735 58612 59174 77419 113348 166961 238257 327238 197277 127103 74613 39806 22683 23245 41490 77419 131032 202328 291309 266890 179032 108858 56367 21561 4438 4999 23245 59174 112786 184083 273064 379728 178471 108297 55806 21000 3877 4438 22683 58612 112225 183522 272503 195594 125419 72929 38122 21000 21561 39806 75735 129348 200645 289625 230400 160226 107735 72929 55806 56367 74613 110542 164154 235451 324432 212716 160226 125419 108297 
379728 380851 327238 291309 273064 272503 289625 324432 363167 291870 238257 202328 184083 183522 200645 235451 287942 380851 291870 220573 166961 131032 112786 112225 129348 164154 216645 286819 327238 238257 166961 113348 77419 59174 58612 75735 110542 163032 233206 291309 202328 131032 77419 41490 23245 22683 39806 74613 127103 197277 379728 273064 184083 112786 59174 23245 5000 4438 21561 56367 108858 179032 266890 272503 183522 112225 58612 22683 4438 3877 21000 55806 108297 178471 289625 200645 129348 75735 39806 21561 21000 38122 72929 125419 195594 324432 235451 164154 110542 74613 56367 55806 72929 107735 160226 230400 287942 216645 163032 127103 
399728 457270 384851 330115 293064 273696 272013 288013 458392 368289 295870 241135 204083 184716 183032 199032 232716 494882 387095 296992 224573 169838 132786 113419 111735 127735 161420 212788 441270 333483 243379 170960 116225 79174 59806 58122 74123 107807 159175 405341 297554 207451 135031 80296 43245 23877 22193 38194 71878 123246 512566 387095 279308 189205 116786 62051 24999 5632 3948 19949 53633 105001 174053 386534 278747 188644 116225 61490 24438 5071 3387 19387 53071 104439 403657 295870 205767 133348 78612 41561 22193 20510 36510 70194 121562 438463 330676 240573 168154 113419 76367 57000 55316 71317 105001 156369 383167 293064 220645 165909 
439728 553689 462463 388922 333064 294890 274400 271594 573617 464708 373483 299941 244083 205909 185419 182613 197491 628914 502321 393411 302186 228644 172786 134613 114123 111317 126194 158756 575301 448708 339798 248573 175031 119174 81000 60510 57704 72581 105143 539372 412779 303869 212644 139102 83245 45071 24581 21775 36652 69214 665404 521127 394534 285624 194399 120857 64999 26826 6336 3530 18407 50969 101215 520566 393973 285063 193838 120296 64438 26264 5774 2968 17846 50408 537688 411095 302186 210960 137419 81561 43387 22897 20091 34969 67530 572495 445902 336992 245767 172225 116367 78194 57704 54898 69775 102337 498392 389483 298257 224716 
499728 670108 560076 467728 393064 336084 296787 275175 708843 581127 471095 378747 304083 247103 207807 186194 182266 782946 637546 509830 399798 307451 232786 175806 136510 114898 110969 124724 729333 583933 456217 346186 253838 179174 122193 82897 61285 57356 71112 693404 548004 420288 310257 217909 143245 86264 46968 25356 21427 35183 838242 675159 529759 402043 292012 199664 125000 68019 28723 7111 3182 16937 48377 674597 529198 401482 291450 199102 124438 67458 28162 6549 2621 16376 691720 546320 418605 308573 216225 141561 84581 45284 23672 19744 33499 726527 581127 453411 343379 251032 176367 119387 80091 58479 54550 68305 633617 505902 395870 303522 
579728 806527 677688 566534 473064 397277 339175 298756 864068 717546 588708 477554 384083 308297 250194 209775 187041 956977 792771 646249 517411 406257 312786 237000 178897 138479 115744 110693 903364 739158 592636 463798 352644 259174 183387 125284 84866 62131 57080 867435 703229 556707 427869 316715 223245 147458 89355 48937 26202 21151 1031080 849190 684984 538462 409624 298470 205000 129213 71110 30692 7957 2906 15539 848629 684423 537901 409063 297909 204438 128652 70549 30130 7396 2345 865752 701546 555024 426186 315031 221561 145774 87672 47253 24518 19467 900558 736352 589830 460992 349838 256367 180581 122478 82060 59325 54274 788843 642321 513483 402328 
712566 412788 453206 511309 587095 680566 791720 920558 282266 305001 345419 403522 479308 572779 683933 812771 959293 187112 192163 214898 255316 313419 389205 482676 593830 722668 869190 1033396 114693 119744 142478 182897 241000 316786 410257 521411 650249 796771 960977 59957 65008 87743 128162 186264 262051 355521 466676 595514 742036 906242 35539 22906 27957 50692 91110 149213 225000 318470 429624 558462 704984 869190 1051080 3538 8589 31324 71743 129845 205632 299102 410257 539095 685617 849823 1855 6906 29640 70059 128162 203948 297419 408573 537411 683933 848139 17855 22906 45641 86059 144162 219949 313419 424573 553411 699933 864139 56590 79325 119744 177846 
632566 389207 410819 450115 507095 581759 674107 784139 277491 281420 303032 342328 399308 473973 566320 676352 804068 201143 187388 191317 212929 252225 309205 383869 476217 586249 713965 859365 128724 114969 118897 140510 179806 236786 311450 403798 513830 641546 786945 73989 60234 64162 85774 125071 182051 256715 349063 459095 586810 732210 68377 36937 23182 27111 48723 88019 145000 219664 312012 422043 549759 695159 858242 17570 3815 7743 29355 68652 125632 200296 292644 402676 530391 675791 15886 2131 6059 27672 66968 123948 198612 290960 400992 528708 674107 31886 18131 22060 43672 82968 139949 214613 306961 416992 544708 690108 51815 55744 77356 116652 
572566 385626 388432 408922 447095 502953 576495 667720 292716 277839 280645 301135 339308 395166 468708 559933 668843 235175 202613 187735 190542 211032 249205 305063 378605 469830 578740 705333 162756 130194 115316 118122 138612 176786 232644 306186 397411 506320 632914 108020 75459 60581 63387 83877 122051 177909 251450 342676 451585 578178 121215 70969 38407 23530 26336 46826 84999 140857 214399 305624 414534 541127 685404 51602 19040 4162 6968 27458 65632 121490 195031 286257 395166 521759 49918 17356 2478 5284 25774 63948 119806 193348 284573 393483 520076 65918 33356 18479 21285 41775 79949 135806 209348 300573 409483 536076 67041 52163 54969 75459 
532566 402044 386044 387728 407095 444147 498882 571301 327942 294258 278257 279941 299308 336360 391095 463514 553617 289207 237839 204154 188154 189838 209205 246257 300992 373411 463514 571301 216787 165419 131735 115735 117419 136786 173838 228573 300992 391095 498882 162052 110684 77000 61000 62683 82051 119102 173838 246257 336360 444147 194053 125001 73633 39949 23948 25632 45000 82051 136786 209205 299308 407095 532566 105633 54265 20581 4581 6264 25632 62683 117419 189838 279941 387728 103949 52581 18897 2897 4581 23948 61000 115735 188154 278257 386044 119950 68582 34898 18897 20581 39949 77000 131735 204154 294258 402044 102266 68582 52581 54265 
512566 438463 403657 386534 387095 405341 441270 494882 383167 330676 295870 278747 279308 297554 333483 387095 458392 363238 293064 240573 205767 188644 189205 207451 243379 296992 368289 457270 290819 220645 168154 133348 116225 116786 135031 170960 224573 295870 384851 236084 165909 113419 78612 61490 62051 80296 116225 169838 241135 330115 286890 199032 128858 76367 41561 24438 24999 43245 79174 132786 204083 293064 399728 179665 109490 57000 22193 5071 5632 23877 59806 113419 184716 273696 177981 107807 55316 20510 3387 3948 22193 58122 111735 183032 272013 193981 123807 71317 36510 19387 19949 38194 74123 127735 199032 288013 157491 105001 70194 53071 
512566 494882 441270 405341 387095 386534 403657 438463 458392 387095 333483 297554 279308 278747 295870 330676 383167 457270 368289 296992 243379 207451 189205 188644 205767 240573 293064 363238 384851 295870 224573 170960 135031 116786 116225 133348 168154 220645 290819 330115 241135 169838 116225 80296 62051 61490 78612 113419 165909 236084 399728 293064 204083 132786 79174 43245 24999 24438 41561 76367 128858 199032 286890 273696 184716 113419 59806 23877 5632 5071 22193 57000 109490 179665 272013 183032 111735 58122 22193 3948 3387 20510 55316 107807 177981 288013 199032 127735 74123 38194 19949 19387 36510 71317 123807 193981 232716 161420 107807 71878 
532566 571301 498882 444147 407095 387728 386044 402044 553617 463514 391095 336360 299308 279941 278257 294258 327942 571301 463514 373411 300992 246257 209205 189838 188154 204154 237839 289207 498882 391095 300992 228573 173838 136786 117419 115735 131735 165419 216787 444147 336360 246257 173838 119102 82051 62683 61000 77000 110684 162052 532566 407095 299308 209205 136786 82051 44999 25632 23948 39949 73633 125001 194053 387728 279941 189838 117419 62683 25632 6264 4581 20581 54265 105633 386044 278257 188154 115735 61000 23948 4581 2897 18897 52581 103949 402044 294258 204154 131735 77000 39949 20581 18897 34898 68582 119950 327942 237839 165419 110684 
572566 667720 576495 502953 447095 408922 388432 385626 668843 559933 468708 395166 339308 301135 280645 277839 292716 705333 578740 469830 378605 305063 249205 211032 190542 187735 202613 235175 632914 506320 397411 306186 232644 176786 138612 118122 115316 130194 162756 578178 451585 342676 251450 177909 122051 83877 63387 60581 75459 108020 685404 541127 414534 305624 214399 140857 84999 46826 26336 23530 38407 70969 121215 521759 395166 286257 195031 121490 65632 27458 6968 4162 19040 51602 520076 393483 284573 193348 119806 63948 25774 5284 2478 17356 49918 536076 409483 300573 209348 135806 79949 41775 21285 18479 33356 65918 443167 334258 243032 169490 
632566 784139 674107 581759 507095 450115 410819 389207 804068 676352 566320 473973 399308 342328 303032 281420 277491 859365 713965 586249 476217 383869 309205 252225 212929 191317 187388 201143 786945 641546 513830 403798 311450 236786 179806 140510 118897 114969 128724 732210 586810 459095 349063 256715 182051 125071 85774 64162 60234 73989 858242 695159 549759 422043 312012 219664 145000 88019 48723 27111 23182 36937 68377 675791 530391 402676 292644 200296 125632 68652 29355 7743 3815 17570 674107 528708 400992 290960 198612 123948 66968 27672 6059 2131 15886 690108 544708 416992 306961 214613 139949 82968 43672 22060 18131 31886 578392 450676 340645 248297 
712566 920558 791720 680566 587095 511309 453206 412788 959293 812771 683933 572779 479308 403522 345419 305001 282266 1033396 869190 722668 593830 482676 389205 313419 255316 214898 192163 187112 960977 796771 650249 521411 410257 316786 241000 182897 142478 119744 114693 906242 742036 595514 466676 355521 262051 186264 128162 87743 65008 59957 1051080 869190 704984 558462 429624 318470 225000 149213 91110 50692 27957 22906 35539 849823 685617 539095 410257 299102 205632 129845 71743 31324 8589 3538 848139 683933 537411 408573 297419 203948 128162 70059 29640 6906 1855 864139 699933 553411 424573 313419 219949 144162 86059 45641 22906 17855 733617 587095 458257 347103 
865404 546819 587238 645341 721127 814597 925752 1054590 397491 420226 460645 518747 594534 688004 799158 927997 1074519 283531 288582 311317 351735 409838 485624 579095 690249 819087 965609 1129815 192305 197356 220091 260510 318612 394399 487869 599024 727862 874384 1038590 118764 123815 146549 186968 245071 320857 414328 525482 654320 800842 965048 75539 62906 67957 90692 131110 189213 265000 358470 469624 598462 744984 909190 1091080 24732 29783 52518 92937 151039 226826 320296 431450 560288 706810 871016 4242 9293 32028 72447 130549 206336 299806 410960 539798 686320 850526 1436 6487 29222 69640 127743 203530 297000 408154 536992 683514 847720 21365 44100 84518 142621 
785404 523238 544851 584147 641127 715791 808139 918171 392716 396645 418257 457554 514534 589198 681546 791578 919293 297562 283807 287735 309348 348644 405624 480288 572636 682668 810384 955783 206337 192581 196510 218122 257419 314399 389063 481411 591443 719158 864558 132795 119040 122968 144581 183877 240857 315521 407869 517901 645617 791016 108377 76937 63182 67111 88723 128019 185000 259664 352012 462043 589759 735159 898242 38764 25008 28937 50549 89845 146826 221490 313838 423869 551585 696985 18274 4518 8447 30059 69355 126336 201000 293348 403379 531095 676495 15468 1712 5641 27253 66549 123530 198194 290542 400573 528289 673689 16590 20518 42131 81427 
725404 519657 522463 542953 581127 636985 710526 801752 407942 393064 395870 416360 454534 510391 583933 675159 784068 331594 299032 284154 286961 307451 345624 401482 475024 566249 675159 801752 240368 207807 192929 195735 216225 254399 310257 383798 475024 583933 710526 166827 134265 119387 122193 142683 180857 236715 310257 401482 510391 636985 161215 110969 78407 63530 66336 86826 124999 180857 254399 345624 454534 581127 725404 72795 40234 25356 28162 48652 86826 142683 216225 307451 416360 542953 52305 19744 4866 7672 28162 66336 122193 195735 286961 395870 522463 49499 16937 2060 4866 25356 63530 119387 192929 284154 393064 519657 31815 16937 19744 40234 
685404 536076 520076 521759 541127 578178 632914 705333 443167 409483 393483 395166 414534 451585 506320 578740 668843 385626 334258 300573 284573 286257 305624 342676 397411 469830 559933 667720 294400 243032 209348 193348 195031 214399 251450 306186 378605 468708 576495 220858 169490 135806 119806 121490 140857 177909 232644 305063 395166 502953 234053 165001 113633 79949 63948 65632 84999 122051 176786 249205 339308 447095 572566 126827 75459 41775 25774 27458 46826 83877 138612 211032 301135 408922 106337 54969 21285 5284 6968 26336 63387 118122 190542 280645 388432 103531 52163 18479 2478 4162 23530 60581 115316 187735 277839 385626 67041 33356 17356 19040 
665404 572495 537688 520566 521127 539372 575301 628914 498392 445902 411095 393973 394534 412779 448708 502321 573617 459657 389483 336992 302186 285063 285624 303869 339798 393411 464708 553689 368432 298257 245767 210960 193838 194399 212644 248573 302186 373483 462463 294890 224716 172225 137419 120296 120857 139102 175031 228644 299941 388922 326890 239032 168858 116367 81561 64438 64999 83245 119174 172786 244083 333064 439728 200858 130684 78194 43387 26264 26826 45071 81000 134613 205909 294890 180368 110194 57704 22897 5774 6336 24581 60510 114123 185419 274400 177562 107388 54898 20091 2968 3530 21775 57704 111317 182613 271594 122266 69775 34969 17846 
665404 628914 575301 539372 521127 520566 537688 572495 573617 502321 448708 412779 394534 393973 411095 445902 498392 553689 464708 393411 339798 303869 285624 285063 302186 336992 389483 459657 462463 373483 302186 248573 212644 194399 193838 210960 245767 298257 368432 388922 299941 228644 175031 139102 120857 120296 137419 172225 224716 294890 439728 333064 244083 172786 119174 83245 64999 64438 81561 116367 168858 239032 326890 294890 205909 134613 81000 45071 26826 26264 43387 78194 130684 200858 274400 185419 114123 60510 24581 6336 5774 22897 57704 110194 180368 271594 182613 111317 57704 21775 3530 2968 20091 54898 107388 177562 197491 126194 72581 36652 
685404 705333 632914 578178 541127 521759 520076 536076 668843 578740 506320 451585 414534 395166 393483 409483 443167 667720 559933 469830 397411 342676 305624 286257 284573 300573 334258 385626 576495 468708 378605 306186 251450 214399 195031 193348 209348 243032 294400 502953 395166 305063 232644 177909 140857 121490 119806 135806 169490 220858 572566 447095 339308 249205 176786 122051 84999 65632 63948 79949 113633 165001 234053 408922 301135 211032 138612 83877 46826 27458 25774 41775 75459 126827 388432 280645 190542 118122 63387 26336 6968 5284 21285 54969 106337 385626 277839 187735 115316 60581 23530 4162 2478 18479 52163 103531 292716 202613 130194 75459 
725404 801752 710526 636985 581127 542953 522463 519657 784068 675159 583933 510391 454534 416360 395870 393064 407942 801752 675159 566249 475024 401482 345624 307451 286961 284154 299032 331594 710526 583933 475024 383798 310257 254399 216225 195735 192929 207807 240368 636985 510391 401482 310257 236715 180857 142683 122193 119387 134265 166827 725404 581127 454534 345624 254399 180857 124999 86826 66336 63530 78407 110969 161215 542953 416360 307451 216225 142683 86826 48652 28162 25356 40234 72795 522463 395870 286961 195735 122193 66336 28162 7672 4866 19744 52305 519657 393064 284154 192929 119387 63530 25356 4866 2060 16937 49499 407942 299032 207807 134265 
785404 918171 808139 715791 641127 584147 544851 523238 919293 791578 681546 589198 514534 457554 418257 396645 392716 955783 810384 682668 572636 480288 405624 348644 309348 287735 283807 297562 864558 719158 591443 481411 389063 314399 257419 218122 196510 192581 206337 791016 645617 517901 407869 315521 240857 183877 144581 122968 119040 132795 898242 735159 589759 462043 352012 259664 185000 128019 88723 67111 63182 76937 108377 696985 551585 423869 313838 221490 146826 89845 50549 28937 25008 38764 676495 531095 403379 293348 201000 126336 69355 30059 8447 4518 18274 673689 528289 400573 290542 198194 123530 66549 27253 5641 1712 15468 543167 415451 305419 213071 
865404 1054590 925752 814597 721127 645341 587238 546819 1074519 927997 799158 688004 594534 518747 460645 420226 397491 1129815 965609 819087 690249 579095 485624 409838 351735 311317 288582 283531 1038590 874384 727862 599024 487869 394399 318612 260510 220091 197356 192305 965048 800842 654320 525482 414328 320857 245071 186968 146549 123815 118764 1091080 909190 744984 598462 469624 358470 265000 189213 131110 90692 67957 62906 75539 871016 706810 560288 431450 320296 226826 151039 92937 52518 29783 24732 850526 686320 539798 410960 299806 206336 130549 72447 32028 9293 4242 847720 683514 536992 408154 297000 203530 127743 69640 29222 6487 1436 698392 551870 423032 311878 
1038242 700851 741270 799372 875159 968629 1079783 1208621 532716 555451 595870 653973 729759 823229 934384 1063222 1209744 399950 405001 427735 468154 526257 602043 695514 806668 935506 1082028 1246234 289918 294969 317704 358122 416225 492012 585482 696636 825474 971996 1136202 197570 202621 225356 265774 323877 399664 493134 604288 733126 879648 1043854 135539 122906 127957 150692 191110 249213 325000 418470 529624 658462 804984 969190 1151080 65926 70977 93711 134130 192233 268019 361490 472644 601482 748004 912210 26629 31680 54415 94834 152937 228723 322193 433348 562186 708708 872914 5017 10068 32803 73222 131324 207111 300581 411735 540573 687095 851301 6139 28874 69293 127396 
958242 677270 698882 738178 795159 869823 962171 1072202 527942 531870 553483 592779 649759 724423 816771 926803 1054519 413981 400226 404154 425767 465063 522043 596707 689055 799087 926803 1072202 303949 290194 294123 315735 355031 412012 486676 579024 689055 816771 962171 211602 197846 201775 223387 262683 319664 394328 486676 596707 724423 869823 168377 136937 123182 127111 148723 188019 245000 319664 412012 522043 649759 795159 958242 79957 66202 70130 91743 131039 188019 262683 355031 465063 592779 738178 40661 26906 30834 52447 91743 148723 223387 315735 425767 553483 698882 19049 5293 9222 30834 70130 127111 201775 294123 404154 531870 677270 1365 5293 26906 66202 
898242 673689 676495 696985 735159 791016 864558 955783 543167 528289 531095 551585 589759 645617 719158 810384 919293 448013 415451 400573 403379 423869 462043 517901 591443 682668 791578 918171 337981 305419 290542 293348 313838 352012 407869 481411 572636 681546 808139 245633 213071 198194 201000 221490 259664 315521 389063 480288 589198 715791 221215 170969 138407 123530 126336 146826 185000 240857 314399 405624 514534 641127 785404 113989 81427 66549 69355 89845 128019 183877 257419 348644 457554 584147 74693 42131 27253 30059 50549 88723 144581 218122 309348 418257 544851 53080 20518 5641 8447 28937 67111 122968 196510 287735 396645 523238 16590 1712 4518 25008 
858242 690108 674107 675791 695159 732210 786945 859365 578392 544708 528708 530391 549759 586810 641546 713965 804068 502044 450676 416992 400992 402676 422043 459095 513830 586249 676352 784139 392013 340645 306961 290960 292644 312012 349063 403798 476217 566320 674107 299665 248297 214613 198612 200296 219664 256715 311450 383869 473973 581759 294053 225001 173633 139949 123948 125632 145000 182051 236786 309205 399308 507095 632566 168020 116652 82968 66968 68652 88019 125071 179806 252225 342328 450115 128724 77356 43672 27672 29355 48723 85774 140510 212929 303032 410819 107112 55744 22060 6059 7743 27111 64162 118897 191317 281420 389207 51815 18131 2131 3815 
838242 726527 691720 674597 675159 693404 729333 782946 633617 581127 546320 529198 529759 548004 583933 637546 708843 576076 505902 453411 418605 401482 402043 420288 456217 509830 581127 670108 466044 395870 343379 308573 291450 292012 310257 346186 399798 471095 560076 373696 303522 251032 216225 199102 199664 217909 253838 307451 378747 467728 386890 299032 228858 176367 141561 124438 125000 143245 179174 232786 304083 393064 499728 242052 171878 119387 84581 67458 68019 86264 122193 175806 247103 336084 202756 132581 80091 45284 28162 28723 46968 82897 136510 207807 296787 181143 110969 58479 23672 6549 7111 25356 61285 114898 186194 275175 107041 54550 19744 2621 
838242 782946 729333 693404 675159 674597 691720 726527 708843 637546 583933 548004 529759 529198 546320 581127 633617 670108 581127 509830 456217 420288 402043 401482 418605 453411 505902 576076 560076 471095 399798 346186 310257 292012 291450 308573 343379 395870 466044 467728 378747 307451 253838 217909 199664 199102 216225 251032 303522 373696 499728 393064 304083 232786 179174 143245 125000 124438 141561 176367 228858 299032 386890 336084 247103 175806 122193 86264 68019 67458 84581 119387 171878 242052 296787 207807 136510 82897 46968 28723 28162 45284 80091 132581 202756 275175 186194 114898 61285 25356 7111 6549 23672 58479 110969 181143 182266 110969 57356 21427 
858242 859365 786945 732210 695159 675791 674107 690108 804068 713965 641546 586810 549759 530391 528708 544708 578392 784139 676352 586249 513830 459095 422043 402676 400992 416992 450676 502044 674107 566320 476217 403798 349063 312012 292644 290960 306961 340645 392013 581759 473973 383869 311450 256715 219664 200296 198612 214613 248297 299665 632566 507095 399308 309205 236786 182051 145000 125632 123948 139949 173633 225001 294053 450115 342328 252225 179806 125071 88019 68652 66968 82968 116652 168020 410819 303032 212929 140510 85774 48723 29355 27672 43672 77356 128724 389207 281420 191317 118897 64162 27111 7743 6059 22060 55744 107112 277491 187388 114969 60234 
898242 955783 864558 791016 735159 696985 676495 673689 919293 810384 719158 645617 589759 551585 531095 528289 543167 918171 791578 682668 591443 517901 462043 423869 403379 400573 415451 448013 808139 681546 572636 481411 407869 352012 313838 293348 290542 305419 337981 715791 589198 480288 389063 315521 259664 221490 201000 198194 213071 245633 785404 641127 514534 405624 314399 240857 185000 146826 126336 123530 138407 170969 221215 584147 457554 348644 257419 183877 128019 89845 69355 66549 81427 113989 544851 418257 309348 218122 144581 88723 50549 30059 27253 42131 74693 523238 396645 287735 196510 122968 67111 28937 8447 5641 20518 53080 392716 283807 192581 119040 
958242 1072202 962171 869823 795159 738178 698882 677270 1054519 926803 816771 724423 649759 592779 553483 531870 527942 1072202 926803 799087 689055 596707 522043 465063 425767 404154 400226 413981 962171 816771 689055 579024 486676 412012 355031 315735 294123 290194 303949 869823 724423 596707 486676 394328 319664 262683 223387 201775 197846 211602 958242 795159 649759 522043 412012 319664 245000 188019 148723 127111 123182 136937 168377 738178 592779 465063 355031 262683 188019 131039 91743 70130 66202 79957 698882 553483 425767 315735 223387 148723 91743 52447 30834 26906 40661 677270 531870 404154 294123 201775 127111 70130 30834 9222 5293 19049 527942 400226 290194 197846 
1038242 1208621 1079783 968629 875159 799372 741270 700851 1209744 1063222 934384 823229 729759 653973 595870 555451 532716 1246234 1082028 935506 806668 695514 602043 526257 468154 427735 405001 399950 1136202 971996 825474 696636 585482 492012 416225 358122 317704 294969 289918 1043854 879648 733126 604288 493134 399664 323877 265774 225356 202621 197570 1151080 969190 804984 658462 529624 418470 325000 249213 191110 150692 127957 122906 135539 912210 748004 601482 472644 361490 268019 192233 134130 93711 70977 65926 872914 708708 562186 433348 322193 228723 152937 94834 54415 31680 26629 851301 687095 540573 411735 300581 207111 131324 73222 32803 10068 5017 683167 536645 407807 296652 
1231080 874882 915301 973404 1049190 1142661 1253815 1382653 687942 710676 751095 809198 884984 978455 1089609 1218447 1364969 536369 541420 564154 604573 662676 738462 831933 943087 1071925 1218447 1382653 407530 412581 435316 475735 533838 609624 703095 814249 943087 1089609 1253815 296376 301427 324162 364581 422683 498470 591940 703095 831933 978455 1142661 215539 202906 207957 230692 271110 329213 405000 498470 609624 738462 884984 1049190 1231080 127119 132170 154905 195324 253427 329213 422683 533838 662676 809198 973404 69017 74068 96803 137221 195324 271110 364581 475735 604573 751095 915301 28598 33649 56384 96803 154905 230692 324162 435316 564154 710676 874882 10914 33649 74068 132170 
1151080 851301 872914 912210 969190 1043854 1136202 1246234 683167 687095 708708 748004 804984 879648 971996 1082028 1209744 550400 536645 540573 562186 601482 658462 733126 825474 935506 1063222 1208621 421562 407807 411735 433348 472644 529624 604288 696636 806668 934384 1079783 310408 296652 300581 322193 361490 418470 493134 585482 695514 823229 968629 248377 216937 203182 207111 228723 268019 325000 399664 492012 602043 729759 875159 1038242 141151 127396 131324 152937 192233 249213 323877 416225 526257 653973 799372 83048 69293 73222 94834 134130 191110 265774 358122 468154 595870 741270 42630 28874 32803 54415 93711 150692 225356 317704 427735 555451 700851 6139 10068 31680 70977 
1091080 847720 850526 871016 909190 965048 1038590 1129815 698392 683514 686320 706810 744984 800842 874384 965609 1074519 584432 551870 536992 539798 560288 598462 654320 727862 819087 927997 1054590 455594 423032 408154 410960 431450 469624 525482 599024 690249 799158 925752 344439 311878 297000 299806 320296 358470 414328 487869 579095 688004 814597 301215 250969 218407 203530 206336 226826 265000 320857 394399 485624 594534 721127 865404 175183 142621 127743 130549 151039 189213 245071 318612 409838 518747 645341 117080 84518 69640 72447 92937 131110 186968 260510 351735 460645 587238 76661 44100 29222 32028 52518 90692 146549 220091 311317 420226 546819 21365 6487 9293 29783 
1051080 864139 848139 849823 869190 906242 960977 1033396 733617 699933 683933 685617 704984 742036 796771 869190 959293 638463 587095 553411 537411 539095 558462 595514 650249 722668 812771 920558 509625 458257 424573 408573 410257 429624 466676 521411 593830 683933 791720 398471 347103 313419 297419 299102 318470 355521 410257 482676 572779 680566 374053 305001 253633 219949 203948 205632 225000 262051 316786 389205 479308 587095 712566 229214 177846 144162 128162 129845 149213 186264 241000 313419 403522 511309 171112 119744 86059 70059 71743 91110 128162 182897 255316 345419 453206 130693 79325 45641 29640 31324 50692 87743 142478 214898 305001 412788 56590 22906 6906 8589 
1031080 900558 865752 848629 849190 867435 903364 956977 788843 736352 701546 684423 684984 703229 739158 792771 864068 712495 642321 589830 555024 537901 538462 556707 592636 646249 717546 806527 583657 513483 460992 426186 409063 409624 427869 463798 517411 588708 677688 472503 402328 349838 315031 297909 298470 316715 352644 406257 477554 566534 466890 379032 308858 256367 221561 204438 205000 223245 259174 312786 384083 473064 579728 303246 233071 180581 145774 128652 129213 147458 183387 237000 308297 397277 245143 174969 122478 87672 70549 71110 89355 125284 178897 250194 339175 204724 134550 82060 47253 30130 30692 48937 84866 138479 209775 298756 111815 59325 24518 7396 
1031080 956977 903364 867435 849190 848629 865752 900558 864068 792771 739158 703229 684984 684423 701546 736352 788843 806527 717546 646249 592636 556707 538462 537901 555024 589830 642321 712495 677688 588708 517411 463798 427869 409624 409063 426186 460992 513483 583657 566534 477554 406257 352644 316715 298470 297909 315031 349838 402328 472503 579728 473064 384083 312786 259174 223245 205000 204438 221561 256367 308858 379032 466890 397277 308297 237000 183387 147458 129213 128652 145774 180581 233071 303246 339175 250194 178897 125284 89355 71110 70549 87672 122478 174969 245143 298756 209775 138479 84866 48937 30692 30130 47253 82060 134550 204724 187041 115744 62131 26202 
1051080 1033396 960977 906242 869190 849823 848139 864139 959293 869190 796771 742036 704984 685617 683933 699933 733617 920558 812771 722668 650249 595514 558462 539095 537411 553411 587095 638463 791720 683933 593830 521411 466676 429624 410257 408573 424573 458257 509625 680566 572779 482676 410257 355521 318470 299102 297419 313419 347103 398471 712566 587095 479308 389205 316786 262051 225000 205632 203948 219949 253633 305001 374053 511309 403522 313419 241000 186264 149213 129845 128162 144162 177846 229214 453206 345419 255316 182897 128162 91110 71743 70059 86059 119744 171112 412788 305001 214898 142478 87743 50692 31324 29640 45641 79325 130693 282266 192163 119744 65008 
1091080 1129815 1038590 965048 909190 871016 850526 847720 1074519 965609 874384 800842 744984 706810 686320 683514 698392 1054590 927997 819087 727862 654320 598462 560288 539798 536992 551870 584432 925752 799158 690249 599024 525482 469624 431450 410960 408154 423032 455594 814597 688004 579095 487869 414328 358470 320296 299806 297000 311878 344439 865404 721127 594534 485624 394399 320857 265000 226826 206336 203530 218407 250969 301215 645341 518747 409838 318612 245071 189213 151039 130549 127743 142621 175183 587238 460645 351735 260510 186968 131110 92937 72447 69640 84518 117080 546819 420226 311317 220091 146549 90692 52518 32028 29222 44100 76661 397491 288582 197356 123815 
1151080 1246234 1136202 1043854 969190 912210 872914 851301 1209744 1082028 971996 879648 804984 748004 708708 687095 683167 1208621 1063222 935506 825474 733126 658462 601482 562186 540573 536645 550400 1079783 934384 806668 696636 604288 529624 472644 433348 411735 407807 421562 968629 823229 695514 585482 493134 418470 361490 322193 300581 296652 310408 1038242 875159 729759 602043 492012 399664 325000 268019 228723 207111 203182 216937 248377 799372 653973 526257 416225 323877 249213 192233 152937 131324 127396 141151 741270 595870 468154 358122 265774 191110 134130 94834 73222 69293 83048 700851 555451 427735 317704 225356 150692 93711 54415 32803 28874 42630 532716 405001 294969 202621 
1231080 1382653 1253815 1142661 1049190 973404 915301 874882 1364969 1218447 1089609 978455 884984 809198 751095 710676 687942 1382653 1218447 1071925 943087 831933 738462 662676 604573 564154 541420 536369 1253815 1089609 943087 814249 703095 609624 533838 475735 435316 412581 407530 1142661 978455 831933 703095 591940 498470 422683 364581 324162 301427 296376 1231080 1049190 884984 738462 609624 498470 405000 329213 271110 230692 207957 202906 215539 973404 809198 662676 533838 422683 329213 253427 195324 154905 132170 127119 915301 751095 604573 475735 364581 271110 195324 137221 96803 74068 69017 874882 710676 564154 435316 324162 230692 154905 96803 56384 33649 28598 687942 541420 412581 301427 
